-0.5000 -0.3852
-0.3852 -0.2500
-0.2500 -0.1148
-0.1148 -0.0000
-0.0000 0.0000
0.0000 0.0000
0.0000 0.0000
0.0000 0.0000
0.0000 0.0000
0.0000 0.0000
0.0000 0.0000
0.0000 0.0000
0.0000 0.0000
0.0000 0.0000
0.0000 0.0000
0.0000 0.0000
0.0000 0.0000
0.0000 0.0000
0.0000 0.0000
0.0000 0.0000
0.4680 0.4680
0.4680 0.4680
0.4680 0.4680
0.4680 0.4680
0.4680 0.4680
0.4680 0.4680
0.4680 0.4680
0.4680 0.4680
0.4680 0.4680
0.4680 0.4680
0.4680 0.4680
0.4680 0.4680
0.4680 0.4680
0.4680 0.4680
0.4680 0.4680
0.4680 0.4680
0.4680 0.4680
0.4680 0.4680
0.4680 0.4680
0.4680 0.4680
0.4680 0.4680
0.4680 0.4680
0.4680 0.4680
0.4680 0.4680
0.4680 0.4680
0.4680 0.4680
0.4680 0.4680
0.4680 0.4680
0.4680 0.4680
0.4680 0.4680
0.4680 0.4680
0.4680 0.4680
0.4680 0.4680
0.4680 0.4680
0.4680 0.4680
0.4680 0.4680
0.4680 0.4680
0.4680 0.4680
0.4680 0.4680
0.4680 0.4680
0.4680 0.4680
0.4680 0.4680
0.4680 0.4680
0.4680 0.4680
0.4680 0.4680
0.4680 0.4680
0.4680 0.4680
0.4680 0.4680
0.4680 0.4680
0.4680 0.4680
0.4680 0.4680
0.4680 0.4680
0.4680 0.4680
0.4680 0.4680
0.4680 0.4680
0.4680 0.4680
0.4680 0.4680
0.4680 0.4680
0.4680 0.4680
0.4680 0.4680
0.4680 0.4680
0.4680 0.4680
0.4680 0.4680
0.4680 0.4680
0.4680 0.4680
0.4680 0.4680
0.4680 0.4680
0.4680 0.4680
0.4680 0.4680
0.4680 0.4680
0.4680 0.4680
0.4680 0.4680
0.4680 0.4680
0.4680 0.4680
0.4680 0.4680
0.4680 0.4680
0.4680 0.4680
0.4680 0.4680
0.4680 0.4680
0.4680 0.4680
0.4680 0.4680
0.4680 0.4680
0.4680 0.4680
0.4680 0.4680
0.4680 0.4680
0.4680 0.4680
0.4680 0.4680
0.4680 0.4680
0.4680 0.4680
0.4680 0.4680
0.4680 0.4680
0.4680 0.4680
0.4680 0.4680
0.4680 0.4680
0.4680 0.4680
0.4680 0.4680
0.4680 0.4680
0.4680 0.4680
0.4680 0.4680
0.4680 0.4680
0.4680 0.4680
0.4680 0.4680
0.4680 0.4680
0.4680 0.4680
0.4680 0.4680
0.4680 0.4680
0.4680 0.4680
0.4680 0.4680
0.4680 0.4680
0.4680 0.4680
0.4680 0.4680
0.4680 0.4680
0.4680 0.4680
0.4680 0.4680
0.4680 0.4680
0.4680 0.4890
0.4890 0.5170
0.5170 0.5549
0.5549 0.6058
0.6058 0.6745
0.6745 0.7669
0.7669 0.8851
0.8851 1.0000
