0.1000 0.1000
0.1000 0.1000
0.1000 0.1000
0.1000 0.1000
0.1000 0.2093
0.2093 0.3504
0.3504 0.5227
0.5227 0.7113
0.7113 0.9063
0.9063 1.1013
1.1013 1.2963
1.2963 1.4913
1.4913 1.6864
1.6864 1.8814
1.8814 2.0764
2.0764 2.2714
2.2714 2.4665
2.4665 2.6613
2.6613 2.8421
2.8421 3.0000
3.0000 2.9795
2.9795 2.9555
2.9555 2.9304
2.9304 2.9053
2.9053 2.8802
2.8802 2.8551
2.8551 2.8300
2.8300 2.8049
2.8049 2.7798
2.7798 2.7547
2.7547 2.7296
2.7296 2.7045
2.7045 2.6794
2.6794 2.6543
2.6543 2.6292
2.6292 2.6041
2.6041 2.5790
2.5790 2.5539
2.5539 2.5288
2.5288 2.5037
2.5037 2.4786
2.4786 2.4535
2.4535 2.4284
2.4284 2.4033
2.4033 2.3782
2.3782 2.3531
2.3531 2.3280
2.3280 2.3029
2.3029 2.2778
2.2778 2.2527
2.2527 2.2276
2.2276 2.2025
2.2025 2.1775
2.1775 2.1524
2.1524 2.1273
2.1273 2.1022
2.1022 2.0771
2.0771 2.0520
2.0520 2.0269
2.0269 2.0018
2.0018 1.9767
1.9767 1.9516
1.9516 1.9265
1.9265 1.9014
1.9014 1.8763
1.8763 1.8512
1.8512 1.8261
1.8261 1.8010
1.8010 1.7759
1.7759 1.7508
1.7508 1.7257
1.7257 1.7006
1.7006 1.6755
1.6755 1.6504
1.6504 1.6253
1.6253 1.6002
1.6002 1.5751
1.5751 1.5500
1.5500 1.5249
1.5249 1.4998
1.4998 1.4747
1.4747 1.4496
1.4496 1.4245
1.4245 1.3994
1.3994 1.3743
1.3743 1.3492
1.3492 1.3241
1.3241 1.2990
1.2990 1.2739
1.2739 1.2488
1.2488 1.2237
1.2237 1.1986
1.1986 1.1735
1.1735 1.1484
1.1484 1.1233
1.1233 1.0982
1.0982 1.0731
1.0731 1.0480
1.0480 1.0229
1.0229 0.9978
0.9978 0.9727
0.9727 0.9476
0.9476 0.9225
0.9225 0.8975
0.8975 0.8724
0.8724 0.8473
0.8473 0.8222
0.8222 0.7971
0.7971 0.7720
0.7720 0.7469
0.7469 0.7218
0.7218 0.6967
0.6967 0.6716
0.6716 0.6465
0.6465 0.6214
0.6214 0.5963
0.5963 0.5712
0.5712 0.5461
0.5461 0.5210
0.5210 0.4959
0.4959 0.4708
0.4708 0.4457
0.4457 0.4206
0.4206 0.3955
0.3955 0.3704
0.3704 0.3453
0.3453 0.3202
0.3202 0.2951
0.2951 0.2700
0.2700 0.2449
0.2449 0.2198
0.2198 0.1947
0.1947 0.1696
0.1696 0.1445
0.1445 0.1205
0.1205 0.1000
0.1000 0.1000
0.1000 0.1000
0.1000 0.1000
0.1000 0.1000
0.1000 0.1000
0.1000 0.1000
0.1000 0.1000
