1 678 707
2 707 729
3 729 747
4 747 763
5 763 750
6 750 749
7 749 730
8 730 722
9 722 702
10 702 673
11 673 641
12 641 605
13 605 559
14 559 510
15 510 455
16 455 401
17 401 347
18 347 292
19 292 242
20 242 188
1 2 1
2 1 3
3 3 4
4 4 6
5 6 5
6 5 8
7 8 9
8 9 10
9 10 18
10 18 19
11 19 23
12 23 37
13 37 38
14 38 39
15 39 40
16 40 59
17 59 61
18 61 62
19 62 63
20 63 60
21 60 58
22 58 41
23 41 66
24 66 91
25 91 94
26 94 95
27 95 97
28 97 98
29 98 99
30 99 96
31 96 100
32 100 134
33 134 135
34 135 170
35 170 172
36 172 173
37 173 171
38 171 169
39 169 168
40 168 167
41 167 178
42 178 179
43 179 182
44 182 181
45 181 180
46 180 177
47 177 184
48 184 230
49 230 231
50 231 232
51 232 234
52 234 235
53 235 236
54 236 237
55 237 238
56 238 239
57 239 283
58 283 325
59 325 327
60 327 336
61 336 337
62 337 338
63 338 341
64 341 340
65 340 339
66 339 335
67 335 334
68 334 342
69 342 343
70 343 344
71 344 345
72 345 392
73 392 396
74 396 397
75 397 398
76 398 399
77 399 443
78 443 446
79 446 445
80 445 444
81 444 442
82 442 441
83 441 440
84 440 451
85 451 452
86 452 453
87 453 497
88 497 498
89 498 499
90 499 500
91 500 501
92 501 502
93 502 506
94 506 507
95 507 508
96 508 553
97 553 555
98 555 556
99 556 557
100 557 600
101 600 606
102 606 643
103 643 675
104 675 705
105 705 727
106 727 744
107 744 761
108 761 778
109 778 792
110 792 805
111 805 817
112 817 829
113 829 840
114 840 851
115 851 860
116 860 874
117 874 878
118 878 882
119 882 885
120 885 888
121 888 890
122 890 892
123 892 895
