1 3 1 7
2 7 1 11
3 1 2 11
4 3 12 4
5 12 3 7
6 4 13 6
7 12 13 4
8 5 14 8
9 13 15 6
10 6 15 5
11 15 14 5
12 7 11 16
13 7 16 17
14 7 17 12
15 14 20 8
16 8 20 9
17 20 21 9
18 9 21 10
19 21 22 10
20 10 22 18
21 16 11 24
22 20 14 25
23 12 17 26
24 12 26 13
25 15 13 27
26 27 13 26
27 25 14 28
28 28 14 15
29 15 27 28
30 16 24 29
31 16 29 17
32 17 29 30
33 26 17 30
34 22 31 18
35 18 31 19
36 31 32 19
37 19 32 23
38 20 25 33
39 20 33 21
40 22 21 34
41 34 21 33
42 35 31 22
43 22 34 35
44 32 36 23
45 23 36 37
46 29 24 42
47 25 28 43
48 33 25 44
49 25 43 44
50 26 30 45
51 27 26 45
52 28 27 46
53 43 28 46
54 46 27 45
55 29 47 30
56 42 47 29
57 30 47 48
58 30 48 45
59 32 31 49
60 49 31 35
61 32 49 50
62 32 50 36
63 49 35 51
64 34 33 52
65 33 44 52
66 35 34 53
67 51 35 53
68 53 34 52
69 54 36 50
70 54 55 36
71 36 55 37
72 37 55 38
73 55 56 38
74 38 56 39
75 56 57 39
76 39 57 40
77 57 64 40
78 40 64 59
79 58 65 41
80 65 67 41
81 41 67 66
82 47 42 68
83 68 69 47
84 52 44 70
85 44 43 71
86 71 43 46
87 44 71 72
88 44 72 70
89 45 48 73
90 45 73 46
91 46 73 71
92 73 48 74
93 74 48 47
94 47 69 74
95 50 49 75
96 75 49 51
97 54 50 76
98 50 75 76
99 75 51 77
100 77 51 53
101 53 52 78
102 52 70 78
103 53 78 77
104 79 54 76
105 56 55 80
106 80 55 54
107 80 54 79
108 81 57 56
109 56 80 81
110 64 57 82
111 82 57 81
112 60 83 58
113 83 65 58
114 64 84 59
115 59 84 61
116 63 85 60
117 85 83 60
118 84 86 61
119 61 86 62
120 86 87 62
121 62 87 63
122 87 85 63
123 64 82 88
124 64 88 84
125 89 67 65
126 65 83 90
127 65 90 89
128 67 92 66
129 66 92 91
130 92 67 93
131 93 67 89
132 74 69 103
133 69 68 104
134 104 68 102
135 69 104 103
136 78 70 105
137 105 70 72
138 72 71 106
139 72 106 105
140 106 71 73
141 74 103 107
142 73 74 107
143 73 107 106
144 79 76 108
145 76 75 109
146 108 76 109
147 109 75 77
148 109 77 110
149 110 77 78
150 111 110 78
151 78 105 111
152 112 110 111
153 113 79 108
154 81 80 114
155 80 79 114
156 114 79 113
157 82 81 115
158 115 81 114
159 88 82 116
160 82 115 116
161 85 117 83
162 90 83 117
163 86 84 118
164 118 84 88
165 85 87 119
166 85 119 117
167 119 87 120
168 120 87 86
169 86 118 120
170 118 88 121
171 88 116 121
172 93 89 122
173 89 90 123
174 122 89 123
175 90 117 124
176 90 124 123
177 92 125 91
178 91 125 94
179 92 93 126
180 92 126 125
181 126 93 127
182 93 122 127
183 125 128 94
184 94 128 95
185 128 129 95
186 95 129 97
187 96 130 100
188 99 131 96
189 131 130 96
190 129 132 97
191 97 132 98
192 132 133 98
193 98 133 99
194 133 131 99
195 130 136 100
196 100 136 134
197 102 101 137
198 101 138 137
199 101 139 138
200 140 102 137
201 103 140 107
202 104 102 140
203 140 103 104
204 141 105 106
205 105 141 111
206 106 142 141
207 107 140 142
208 142 106 107
209 113 108 143
210 108 109 143
211 143 109 144
212 144 109 110
213 144 110 112
214 111 141 145
215 145 112 111
216 145 146 112
217 146 144 112
218 113 143 147
219 116 115 148
220 148 115 114
221 114 113 148
222 148 113 147
223 121 116 149
224 149 116 148
225 150 147 143
226 117 119 151
227 117 151 124
228 120 118 152
229 152 118 121
230 119 120 153
231 151 119 153
232 153 120 152
233 152 121 154
234 154 121 149
235 124 151 155
236 127 122 156
237 156 122 123
238 123 124 157
239 123 157 156
240 157 124 155
241 128 125 158
242 158 125 126
243 158 126 159
244 126 127 159
245 159 127 160
246 160 127 156
247 161 129 128
248 128 158 161
249 132 129 162
250 162 129 161
251 136 130 163
252 163 130 164
253 164 130 131
254 131 133 165
255 131 165 164
256 132 162 166
257 132 166 133
258 165 133 166
259 136 174 134
260 134 174 135
261 174 175 135
262 135 175 170
263 136 163 176
264 136 176 174
265 167 183 178
266 185 140 137
267 185 137 138
268 138 186 185
269 138 139 187
270 138 187 186
271 139 188 187
272 189 140 185
273 189 141 142
274 189 142 140
275 145 141 189
276 190 143 144
277 144 146 190
278 190 150 143
279 190 146 191
280 145 191 146
281 191 145 189
282 147 192 148
283 193 192 147
284 147 150 193
285 154 149 194
286 194 149 148
287 192 194 148
288 150 195 193
289 190 196 150
290 195 150 196
291 151 153 197
292 197 153 152
293 152 154 197
294 155 151 197
295 194 198 154
296 197 154 198
297 199 155 197
298 157 155 200
299 200 155 199
300 160 156 201
301 157 200 202
302 201 156 202
303 202 156 157
304 199 203 200
305 204 160 201
306 161 158 205
307 205 158 159
308 205 159 206
309 206 159 160
310 206 160 204
311 162 161 207
312 207 161 205
313 166 162 208
314 208 162 207
315 176 163 209
316 163 164 210
317 209 163 210
318 164 165 211
319 210 164 211
320 165 166 212
321 166 208 212
322 165 212 211
323 168 213 167
324 213 183 167
325 169 214 168
326 214 213 168
327 171 215 169
328 215 214 169
329 175 216 170
330 170 216 172
331 173 217 171
332 217 215 171
333 216 218 172
334 172 218 173
335 218 217 173
336 219 175 174
337 174 176 219
338 216 175 220
339 220 175 219
340 219 176 221
341 176 209 221
342 222 183 213
343 177 223 184
344 180 224 177
345 224 223 177
346 183 225 178
347 178 225 179
348 225 226 179
349 179 226 182
350 181 227 180
351 227 224 180
352 226 228 182
353 182 228 181
354 228 227 181
355 225 183 229
356 229 183 222
357 223 233 184
358 184 233 230
359 187 240 186
360 241 189 185
361 241 185 186
362 241 186 240
363 188 242 187
364 187 242 240
365 243 189 241
366 189 243 191
367 196 190 243
368 190 191 243
369 194 192 244
370 193 195 244
371 244 192 193
372 245 198 194
373 244 245 194
374 243 246 196
375 246 195 196
376 195 246 244
377 247 197 198
378 199 197 247
379 245 248 198
380 248 247 198
381 249 203 199
382 247 249 199
383 201 202 250
384 201 250 204
385 202 200 250
386 200 203 250
387 250 203 251
388 251 203 249
389 252 204 250
390 206 204 253
391 253 204 252
392 221 209 254
393 208 207 255
394 255 207 205
395 205 206 255
396 255 206 253
397 212 208 256
398 256 208 255
399 209 210 257
400 257 210 211
401 254 209 257
402 211 212 258
403 258 212 256
404 211 258 257
405 214 259 213
406 213 259 222
407 222 259 260
408 214 215 261
409 214 261 259
410 261 215 262
411 262 215 217
412 216 220 263
413 216 263 218
414 217 218 264
415 264 218 263
416 217 264 262
417 220 219 265
418 265 219 221
419 263 220 266
420 266 220 265
421 265 221 267
422 221 254 267
423 229 222 269
424 269 222 260
425 269 260 270
426 223 271 233
427 223 224 272
428 223 272 271
429 272 224 273
430 273 224 227
431 225 229 274
432 225 274 226
433 275 228 226
434 275 226 274
435 227 228 276
436 227 276 273
437 276 228 275
438 274 229 277
439 229 269 277
440 233 278 230
441 230 278 231
442 278 279 231
443 231 279 232
444 279 280 232
445 232 280 234
446 278 233 281
447 281 233 271
448 280 282 234
449 234 282 235
450 282 284 235
451 235 284 236
452 284 285 236
453 236 285 237
454 285 286 237
455 237 286 238
456 286 287 238
457 238 287 239
458 287 288 239
459 239 288 283
460 288 289 283
461 242 290 240
462 240 290 241
463 243 241 291
464 291 241 290
465 242 292 290
466 293 243 291
467 244 246 293
468 293 246 243
469 248 245 293
470 245 244 293
471 293 294 248
472 251 249 294
473 247 248 294
474 294 249 247
475 295 252 250
476 250 251 295
477 251 294 295
478 296 252 295
479 253 252 297
480 297 252 296
481 298 255 253
482 297 298 253
483 254 257 299
484 267 254 299
485 299 268 267
486 300 256 255
487 298 300 255
488 258 256 300
489 301 299 257
490 257 258 301
491 258 300 301
492 259 261 302
493 259 302 260
494 260 302 270
495 261 262 303
496 302 261 303
497 262 264 304
498 303 262 304
499 264 263 305
500 263 266 305
501 264 305 304
502 266 265 306
503 266 306 305
504 265 267 306
505 268 299 307
506 308 306 267
507 308 267 268
508 268 307 309
509 308 268 309
510 277 269 310
511 310 269 270
512 302 311 270
513 270 311 312
514 270 312 310
515 281 271 313
516 271 272 314
517 271 314 313
518 272 273 315
519 314 272 315
520 273 276 316
521 315 273 316
522 275 274 317
523 274 277 317
524 276 275 318
525 318 275 317
526 276 318 316
527 317 277 319
528 277 310 319
529 278 281 320
530 278 320 279
531 280 279 321
532 321 279 320
533 322 282 280
534 280 321 322
535 320 281 323
536 323 281 313
537 284 282 324
538 324 282 322
539 283 289 325
540 289 326 325
541 328 285 284
542 284 324 328
543 286 285 329
544 329 285 328
545 286 329 330
546 286 330 287
547 288 287 331
548 331 287 330
549 288 331 332
550 288 332 289
551 333 326 289
552 289 332 333
553 293 291 346
554 290 292 346
555 346 291 290
556 292 347 346
557 348 293 346
558 295 294 348
559 348 294 293
560 348 296 295
561 348 349 296
562 349 297 296
563 298 297 349
564 300 298 349
565 350 307 299
566 350 299 301
567 350 301 351
568 301 300 351
569 349 351 300
570 302 303 352
571 352 303 304
572 302 352 311
573 304 305 353
574 304 353 352
575 353 305 306
576 353 306 354
577 354 306 308
578 355 307 350
579 309 307 356
580 356 307 355
581 357 354 308
582 309 356 357
583 357 308 309
584 319 310 358
585 358 310 312
586 311 352 359
587 312 311 359
588 358 312 360
589 360 312 359
590 323 313 361
591 361 313 314
592 314 315 362
593 314 362 361
594 315 316 363
595 315 363 362
596 316 318 364
597 316 364 363
598 318 317 365
599 318 365 364
600 365 317 319
601 365 319 366
602 319 358 366
603 321 320 367
604 320 323 367
605 322 321 368
606 321 367 368
607 324 322 369
608 369 322 368
609 367 323 370
610 323 361 371
611 323 371 370
612 328 324 372
613 324 369 372
614 327 325 373
615 325 326 373
616 373 326 374
617 374 326 333
618 373 375 327
619 336 327 375
620 331 330 376
621 329 328 377
622 377 328 372
623 377 372 378
624 330 329 379
625 379 329 377
626 330 379 376
627 374 333 380
628 332 331 381
629 381 331 376
630 333 332 382
631 332 381 382
632 380 333 382
633 342 334 383
634 384 383 334
635 334 335 384
636 335 339 385
637 335 385 384
638 337 336 386
639 336 375 386
640 386 387 337
641 338 337 387
642 341 338 388
643 338 387 388
644 389 385 339
645 339 340 389
646 388 390 341
647 340 341 390
648 340 390 389
649 343 342 391
650 342 383 391
651 391 393 343
652 344 343 393
653 345 344 394
654 344 393 394
655 394 395 345
656 392 345 395
657 346 347 400
658 346 400 348
659 347 401 400
660 402 348 400
661 355 350 402
662 348 402 349
663 351 349 402
664 351 402 350
665 353 354 403
666 352 353 403
667 359 352 403
668 357 356 404
669 403 354 404
670 354 357 404
671 402 404 355
672 404 356 355
673 366 358 405
674 358 360 405
675 406 359 403
676 360 359 407
677 405 360 407
678 407 359 406
679 371 361 408
680 408 361 362
681 362 363 409
682 362 409 408
683 363 364 410
684 409 363 410
685 410 364 365
686 411 410 365
687 411 365 366
688 366 405 411
689 368 367 412
690 367 370 412
691 372 369 413
692 413 369 368
693 368 412 413
694 412 370 414
695 414 370 371
696 371 408 415
697 415 414 371
698 415 408 416
699 413 417 372
700 417 378 372
701 378 417 418
702 373 374 419
703 373 419 375
704 419 374 420
705 420 374 380
706 421 386 375
707 421 375 419
708 381 376 422
709 422 376 379
710 423 378 418
711 379 377 424
712 379 424 422
713 424 377 378
714 424 378 423
715 420 380 425
716 425 380 382
717 382 381 426
718 382 426 425
719 426 381 422
720 383 384 427
721 428 391 383
722 383 427 428
723 427 384 429
724 384 385 429
725 385 389 430
726 385 430 429
727 387 386 431
728 431 386 421
729 432 388 387
730 387 431 432
731 390 388 433
732 433 388 432
733 430 389 434
734 434 389 390
735 390 433 434
736 393 391 435
737 435 391 428
738 396 392 436
739 392 395 436
740 437 394 393
741 393 435 437
742 395 394 438
743 438 394 437
744 439 436 395
745 395 438 439
746 436 447 396
747 397 396 447
748 398 397 448
749 397 447 448
750 448 449 398
751 399 398 449
752 443 399 450
753 399 449 450
754 400 401 454
755 400 454 402
756 401 455 454
757 456 402 454
758 404 456 403
759 456 406 403
760 402 456 404
761 407 457 405
762 456 457 406
763 457 407 406
764 411 405 457
765 409 458 408
766 416 408 458
767 410 411 459
768 458 409 459
769 409 410 459
770 457 459 411
771 412 414 460
772 413 412 460
773 460 417 413
774 415 416 461
775 460 414 461
776 414 415 461
777 416 458 462
778 416 462 461
779 418 417 463
780 463 417 460
781 423 418 464
782 464 418 463
783 423 464 465
784 421 419 466
785 419 420 466
786 466 420 467
787 467 420 425
788 431 421 468
789 468 421 466
790 426 422 469
791 422 424 469
792 469 424 423
793 469 423 465
794 467 425 470
795 470 425 426
796 426 471 470
797 469 471 426
798 427 429 472
799 428 427 473
800 473 427 472
801 435 428 474
802 474 428 473
803 429 430 475
804 472 429 475
805 472 475 476
806 430 434 477
807 430 477 475
808 432 431 478
809 431 468 478
810 433 432 479
811 479 432 478
812 434 433 480
813 433 479 480
814 477 434 480
815 437 435 481
816 435 474 481
817 447 436 482
818 482 436 439
819 438 437 483
820 483 437 481
821 439 438 484
822 438 483 484
823 482 439 485
824 485 439 484
825 451 440 486
826 487 486 440
827 440 441 487
828 441 442 488
829 441 488 487
830 489 488 442
831 442 444 489
832 450 490 443
833 446 443 490
834 444 445 491
835 444 491 489
836 492 491 445
837 445 446 492
838 446 490 492
839 493 448 447
840 447 482 493
841 449 448 494
842 494 448 493
843 495 450 449
844 449 494 495
845 490 450 496
846 496 450 495
847 452 451 503
848 451 486 503
849 503 504 452
850 453 452 504
851 497 453 505
852 453 504 505
853 454 455 509
854 454 509 456
855 455 510 509
856 511 456 509
857 459 457 511
858 462 458 511
859 458 459 511
860 456 511 457
861 511 512 462
862 461 462 512
863 512 463 460
864 460 461 512
865 513 464 463
866 512 513 463
867 464 513 465
868 465 513 514
869 514 469 465
870 515 467 470
871 468 466 516
872 466 467 516
873 516 467 515
874 478 468 517
875 468 516 517
876 514 518 469
877 518 471 469
878 518 519 471
879 471 519 470
880 519 515 470
881 473 472 520
882 520 472 476
883 481 474 521
884 521 474 473
885 473 520 521
886 520 476 522
887 475 477 523
888 523 477 480
889 476 475 523
890 522 476 523
891 480 479 524
892 524 479 478
893 478 517 524
894 480 524 525
895 480 525 523
896 523 526 522
897 483 481 527
898 527 481 521
899 493 482 528
900 482 485 528
901 484 483 529
902 529 483 527
903 528 485 530
904 530 485 484
905 484 529 530
906 531 486 487
907 503 486 532
908 532 486 531
909 488 533 487
910 531 487 533
911 488 489 534
912 488 534 533
913 534 489 535
914 535 489 491
915 490 496 536
916 490 536 492
917 491 492 537
918 491 537 535
919 537 492 536
920 494 493 538
921 538 493 528
922 495 494 539
923 494 538 539
924 496 495 540
925 540 495 539
926 536 496 541
927 496 540 541
928 501 500 542
929 505 543 497
930 498 497 543
931 499 498 544
932 498 543 544
933 544 545 499
934 500 499 545
935 500 545 542
936 542 546 501
937 502 501 546
938 506 502 547
939 502 546 547
940 548 504 503
941 503 532 548
942 505 504 549
943 549 504 548
944 550 543 505
945 505 549 550
946 547 551 506
947 507 506 551
948 508 507 552
949 507 551 552
950 552 554 508
951 553 508 554
952 509 510 558
953 509 558 511
954 510 559 558
955 560 511 558
956 513 512 560
957 560 512 511
958 518 514 560
959 514 513 560
960 515 519 561
961 516 515 561
962 524 517 562
963 562 517 516
964 562 516 561
965 560 563 518
966 563 561 519
967 519 518 563
968 521 520 564
969 522 564 520
970 527 521 565
971 565 521 564
972 522 526 566
973 566 564 522
974 525 567 523
975 567 526 523
976 525 524 568
977 568 524 562
978 525 568 567
979 526 567 569
980 526 569 566
981 529 527 570
982 570 527 565
983 538 528 571
984 571 528 530
985 529 570 572
986 530 529 572
987 530 572 573
988 573 571 530
989 531 533 574
990 532 531 575
991 575 531 574
992 548 532 576
993 532 575 576
994 533 534 577
995 533 577 574
996 574 577 578
997 534 535 579
998 534 579 577
999 535 537 580
1000 579 535 580
1001 537 536 581
1002 536 541 581
1003 580 537 581
1004 571 582 538
1005 539 538 583
1006 582 583 538
1007 581 541 584
1008 541 540 585
1009 585 540 539
1010 539 583 585
1011 541 585 586
1012 541 586 584
1013 542 545 587
1014 588 546 542
1015 542 587 588
1016 544 543 589
1017 589 543 550
1018 587 545 590
1019 590 545 544
1020 544 589 590
1021 547 546 591
1022 591 546 588
1023 592 551 547
1024 547 591 592
1025 549 548 593
1026 593 548 576
1027 550 549 594
1028 549 593 594
1029 589 550 595
1030 595 550 594
1031 552 551 596
1032 596 551 592
1033 597 554 552
1034 552 596 597
1035 555 553 598
1036 553 554 598
1037 598 554 599
1038 599 554 597
1039 598 601 555
1040 556 555 601
1041 557 556 602
1042 556 601 602
1043 602 603 557
1044 600 557 603
1045 558 559 604
1046 558 604 560
1047 559 605 604
1048 607 560 604
1049 561 563 607
1050 607 563 560
1051 568 562 607
1052 562 561 607
1053 608 570 565
1054 566 569 608
1055 565 564 608
1056 564 566 608
1057 609 608 569
1058 609 569 567
1059 609 567 568
1060 568 607 609
1061 610 572 570
1062 610 570 608
1063 573 611 571
1064 611 582 571
1065 612 573 572
1066 612 572 610
1067 573 612 611
1068 611 613 582
1069 575 574 615
1070 574 578 615
1071 615 578 614
1072 576 575 616
1073 576 616 593
1074 575 615 616
1075 577 579 617
1076 617 579 580
1077 578 577 617
1078 614 578 617
1079 580 581 618
1080 581 584 618
1081 580 618 617
1082 582 619 583
1083 619 582 613
1084 585 583 619
1085 618 584 620
1086 620 584 586
1087 586 585 621
1088 586 621 620
1089 621 585 619
1090 622 614 617
1091 587 590 623
1092 588 587 624
1093 587 623 624
1094 591 588 625
1095 625 588 624
1096 590 589 626
1097 589 595 626
1098 623 590 626
1099 592 591 627
1100 591 625 627
1101 596 592 628
1102 628 592 627
1103 594 593 629
1104 629 593 616
1105 626 595 630
1106 630 595 594
1107 594 629 630
1108 599 597 631
1109 597 596 632
1110 596 628 632
1111 631 597 632
1112 633 601 598
1113 598 599 633
1114 633 599 634
1115 599 631 634
1116 606 600 635
1117 600 603 635
1118 635 636 606
1119 602 601 637
1120 637 601 633
1121 638 603 602
1122 602 637 638
1123 635 603 639
1124 639 603 638
1125 604 605 640
1126 604 640 607
1127 605 641 640
1128 643 606 636
1129 643 636 642
1130 644 607 640
1131 644 609 607
1132 644 612 610
1133 608 609 644
1134 644 610 608
1135 644 645 612
1136 611 612 645
1137 645 613 611
1138 619 613 646
1139 613 645 646
1140 614 622 647
1141 615 614 648
1142 648 614 647
1143 616 615 649
1144 616 649 629
1145 615 648 649
1146 618 620 650
1147 617 618 650
1148 622 617 650
1149 651 621 619
1150 651 619 646
1151 620 621 651
1152 650 620 651
1153 652 647 622
1154 650 652 622
1155 627 625 653
1156 624 623 654
1157 654 623 626
1158 625 624 655
1159 653 625 655
1160 655 624 654
1161 626 630 656
1162 626 656 654
1163 632 628 657
1164 657 628 627
1165 627 653 657
1166 657 653 658
1167 630 629 659
1168 659 629 660
1169 649 660 629
1170 630 659 661
1171 661 656 630
1172 634 631 662
1173 662 631 632
1174 632 657 663
1175 632 663 662
1176 637 633 664
1177 664 633 634
1178 664 634 665
1179 665 634 662
1180 635 639 666
1181 635 666 636
1182 642 636 667
1183 667 636 666
1184 642 667 668
1185 638 637 669
1186 637 664 669
1187 639 638 670
1188 670 638 669
1189 666 639 671
1190 639 670 671
1191 640 641 672
1192 640 672 644
1193 641 673 672
1194 668 674 642
1195 642 674 675
1196 675 643 642
1197 678 676 677
1198 679 644 672
1199 646 645 679
1200 679 645 644
1201 679 651 646
1202 648 647 680
1203 652 680 647
1204 660 649 681
1205 649 648 681
1206 648 680 681
1207 679 682 651
1208 652 650 682
1209 682 680 652
1210 651 682 650
1211 653 655 683
1212 653 683 658
1213 683 655 684
1214 654 656 684
1215 654 684 655
1216 685 684 656
1217 656 661 685
1218 663 657 686
1219 657 658 686
1220 686 658 687
1221 658 683 687
1222 661 659 688
1223 688 659 660
1224 688 660 681
1225 661 689 685
1226 689 661 688
1227 662 663 690
1228 662 690 665
1229 690 663 691
1230 663 686 691
1231 669 664 692
1232 692 664 665
1233 692 665 693
1234 693 665 690
1235 694 674 668
1236 667 666 695
1237 666 671 695
1238 668 667 696
1239 696 667 695
1240 694 668 697
1241 697 668 696
1242 671 670 698
1243 698 670 669
1244 669 692 698
1245 698 692 699
1246 695 671 700
1247 700 671 698
1248 672 673 701
1249 672 701 679
1250 673 702 701
1251 704 674 694
1252 704 694 703
1253 705 675 674
1254 705 674 704
1255 676 706 677
1256 678 677 707
1257 706 707 677
1258 708 679 701
1259 680 682 708
1260 681 680 708
1261 688 681 708
1262 679 708 682
1263 685 709 684
1264 685 689 709
1265 687 683 709
1266 683 684 709
1267 691 686 710
1268 710 686 687
1269 709 710 687
1270 689 711 709
1271 711 689 688
1272 708 711 688
1273 693 690 712
1274 712 690 691
1275 691 710 713
1276 691 713 712
1277 714 699 692
1278 714 692 693
1279 712 715 693
1280 715 714 693
1281 716 699 714
1282 703 694 717
1283 694 697 717
1284 696 695 718
1285 718 695 700
1286 717 697 719
1287 719 697 696
1288 696 718 719
1289 718 700 720
1290 720 700 698
1291 698 699 720
1292 699 716 720
1293 701 702 721
1294 701 721 708
1295 702 722 721
1296 703 717 723
1297 723 717 724
1298 725 703 723
1299 704 703 726
1300 725 726 703
1301 704 726 727
1302 727 705 704
1303 706 728 707
1304 729 707 728
1305 731 708 721
1306 709 711 731
1307 731 711 708
1308 713 710 731
1309 710 709 731
1310 731 732 713
1311 713 732 712
1312 715 712 732
1313 714 715 733
1314 733 716 714
1315 732 733 715
1316 720 716 734
1317 734 716 733
1318 717 719 735
1319 735 724 717
1320 719 718 736
1321 736 718 720
1322 719 736 735
1323 736 720 737
1324 737 720 734
1325 722 730 738
1326 721 722 738
1327 721 738 731
1328 739 724 735
1329 723 740 725
1330 741 740 723
1331 723 724 741
1332 741 724 739
1333 742 725 740
1334 742 743 725
1335 725 743 726
1336 744 727 726
1337 744 726 743
1338 729 728 745
1339 747 729 745
1340 745 746 747
1341 738 730 748
1342 730 749 748
1343 751 731 738
1344 751 737 734
1345 733 732 751
1346 751 732 731
1347 751 734 733
1348 752 739 735
1349 752 737 751
1350 736 737 752
1351 752 735 736
1352 753 739 752
1353 738 748 754
1354 738 754 751
1355 741 739 755
1356 755 739 753
1357 756 742 740
1358 756 740 741
1359 756 741 757
1360 755 757 741
1361 759 742 756
1362 758 759 756
1363 760 743 742
1364 760 742 759
1365 743 760 761
1366 761 744 743
1367 745 762 746
1368 762 763 746
1369 763 747 746
1370 763 762 764
1371 749 750 765
1372 748 749 765
1373 748 765 754
1374 750 763 766
1375 765 750 766
1376 767 751 754
1377 752 751 767
1378 767 753 752
1379 768 755 753
1380 753 767 768
1381 769 755 768
1382 770 767 754
1383 770 754 765
1384 771 757 755
1385 769 771 755
1386 772 771 769
1387 758 756 773
1388 773 756 757
1389 773 757 771
1390 774 758 773
1391 774 775 758
1392 758 775 759
1393 776 775 774
1394 760 759 777
1395 775 777 759
1396 778 761 760
1397 778 760 777
1398 762 779 764
1399 763 764 780
1400 763 780 766
1401 779 781 764
1402 780 764 781
1403 780 782 766
1404 765 766 782
1405 765 782 770
1406 783 767 770
1407 768 767 783
1408 769 768 783
1409 784 772 769
1410 784 769 783
1411 785 783 770
1412 785 770 782
1413 786 772 784
1414 787 773 771
1415 787 771 772
1416 787 772 788
1417 788 772 786
1418 789 776 774
1419 774 773 789
1420 789 773 787
1421 790 776 789
1422 791 777 775
1423 791 775 776
1424 791 776 790
1425 777 791 792
1426 792 778 777
1427 779 793 781
1428 794 780 781
1429 781 793 794
1430 780 794 782
1431 793 795 794
1432 782 794 796
1433 782 796 785
1434 797 783 785
1435 797 785 796
1436 797 786 784
1437 784 783 797
1438 788 786 799
1439 799 786 797
1440 799 800 788
1441 787 788 800
1442 789 787 800
1443 799 801 800
1444 790 789 802
1445 800 802 789
1446 802 803 790
1447 790 803 804
1448 790 804 791
1449 805 792 791
1450 805 791 804
1451 793 806 795
1452 806 798 795
1453 798 807 795
1454 807 794 795
1455 794 807 796
1456 807 797 796
1457 807 808 797
1458 797 808 799
1459 809 799 808
1460 798 806 810
1461 807 798 811
1462 811 798 810
1463 812 801 799
1464 809 812 799
1465 813 802 800
1466 801 813 800
1467 814 813 801
1468 814 801 812
1469 815 803 802
1470 813 815 802
1471 815 816 803
1472 803 816 804
1473 804 816 817
1474 817 805 804
1475 806 819 810
1476 819 818 810
1477 821 807 811
1478 821 809 808
1479 808 807 821
1480 821 822 809
1481 809 822 812
1482 823 821 811
1483 823 811 810
1484 810 818 823
1485 818 824 823
1486 822 825 812
1487 812 825 814
1488 826 814 825
1489 827 815 813
1490 827 813 814
1491 827 814 826
1492 827 828 815
1493 815 828 816
1494 829 817 816
1495 829 816 828
1496 824 820 830
1497 818 831 824
1498 824 831 820
1499 819 832 818
1500 818 832 831
1501 831 833 820
1502 833 834 820
1503 834 830 820
1504 835 821 823
1505 835 825 822
1506 835 822 821
1507 835 823 836
1508 836 823 824
1509 836 824 830
1510 837 826 825
1511 837 825 835
1512 837 838 826
1513 826 838 827
1514 838 839 827
1515 827 839 828
1516 828 839 840
1517 840 829 828
1518 834 841 830
1519 830 841 836
1520 832 842 831
1521 831 842 833
1522 833 842 843
1523 844 833 843
1524 844 845 833
1525 833 845 834
1526 845 846 834
1527 834 846 841
1528 847 835 836
1529 847 836 841
1530 835 847 837
1531 847 848 837
1532 837 848 838
1533 841 849 847
1534 838 848 850
1535 838 850 839
1536 851 840 839
1537 851 839 850
1538 846 852 841
1539 841 852 849
1540 842 853 843
1541 853 844 843
1542 844 853 854
1543 844 854 855
1544 855 856 844
1545 856 845 844
1546 856 857 845
1547 857 846 845
1548 846 857 852
1549 852 858 849
1550 858 847 849
1551 858 850 848
1552 858 848 847
1553 858 852 859
1554 850 858 860
1555 860 851 850
1556 859 852 861
1557 857 861 852
1558 853 862 854
1559 862 855 854
1560 855 862 863
1561 856 855 864
1562 864 855 863
1563 857 856 865
1564 865 856 864
1565 861 857 866
1566 866 857 865
1567 861 867 859
1568 858 859 867
1569 867 860 858
1570 867 861 868
1571 868 861 866
1572 862 869 863
1573 869 870 863
1574 864 863 870
1575 865 864 871
1576 871 864 870
1577 865 871 872
1578 873 868 866
1579 866 865 873
1580 872 873 865
1581 874 867 868
1582 873 874 868
1583 869 875 870
1584 870 875 876
1585 870 876 871
1586 876 872 871
1587 877 873 872
1588 876 877 872
1589 878 874 873
1590 877 878 873
1591 875 879 876
1592 876 879 880
1593 881 877 876
1594 876 880 881
1595 882 878 877
1596 882 877 881
1597 879 883 880
1598 880 883 884
1599 885 882 881
1600 885 881 880
1601 880 884 885
1602 883 886 884
1603 884 886 887
1604 888 885 884
1605 884 887 888
1606 886 889 887
1607 890 888 887
1608 887 889 890
1609 889 891 890
1610 892 890 891
1611 892 891 893
1612 891 894 893
1613 894 895 893
1614 895 892 893
