0.4680 0.4680 0.4500
0.4500 0.4680 0.4500
0.4680 0.4680 0.4500
0.4680 0.4500 0.4680
0.4500 0.4680 0.4500
0.4680 0.4500 0.4680
0.4500 0.4500 0.4680
0.4680 0.4500 0.4680
0.4500 0.4500 0.4680
0.4680 0.4500 0.4680
0.4500 0.4500 0.4680
0.4500 0.4500 0.4357
0.4500 0.4357 0.4341
0.4500 0.4341 0.4500
0.4500 0.4500 0.4680
0.4680 0.4500 0.4680
0.4500 0.4500 0.4680
0.4680 0.4500 0.4680
0.4500 0.4500 0.4680
0.4680 0.4500 0.4680
0.4357 0.4500 0.4279
0.4500 0.4500 0.4306
0.4500 0.4341 0.4289
0.4500 0.4289 0.4500
0.4500 0.4500 0.4290
0.4290 0.4500 0.4289
0.4306 0.4500 0.4301
0.4301 0.4500 0.4500
0.4500 0.4290 0.4301
0.4357 0.4279 0.4153
0.4357 0.4153 0.4341
0.4341 0.4153 0.4098
0.4289 0.4341 0.4098
0.4500 0.4500 0.4680
0.4680 0.4500 0.4680
0.4500 0.4500 0.4680
0.4680 0.4500 0.4680
0.4500 0.4306 0.4301
0.4500 0.4301 0.4500
0.4500 0.4500 0.4306
0.4306 0.4500 0.4301
0.4319 0.4500 0.4500
0.4500 0.4306 0.4319
0.4500 0.4500 0.4680
0.4680 0.4500 0.4680
0.4153 0.4279 0.3978
0.4306 0.4301 0.4136
0.4301 0.4306 0.4069
0.4306 0.4136 0.4069
0.4289 0.4098 0.4070
0.4290 0.4289 0.4070
0.4301 0.4290 0.4077
0.4136 0.4301 0.4077
0.4077 0.4290 0.4070
0.4153 0.3844 0.4098
0.3978 0.3844 0.4153
0.4098 0.3844 0.3894
0.4098 0.3894 0.4070
0.4500 0.4500 0.4318
0.4318 0.4500 0.4319
0.4500 0.4318 0.4310
0.4500 0.4310 0.4500
0.4318 0.4319 0.4172
0.4306 0.4301 0.4093
0.4301 0.4069 0.4093
0.4319 0.4306 0.4122
0.4172 0.4319 0.4122
0.4122 0.4306 0.4093
0.4311 0.4500 0.4310
0.4311 0.4500 0.4500
0.4500 0.4500 0.4680
0.4680 0.4500 0.4680
0.4500 0.4500 0.4680
0.4680 0.4500 0.4680
0.4500 0.4500 0.4680
0.4680 0.4500 0.4680
0.4500 0.4500 0.4680
0.4680 0.4500 0.4680
0.4680 0.4500 0.4680
0.4500 0.4500 0.4680
0.4680 0.4500 0.4680
0.3844 0.3978 0.3565
0.3565 0.3564 0.3844
0.4093 0.4069 0.3908
0.4069 0.4136 0.3928
0.3928 0.4136 0.4077
0.4069 0.3928 0.3846
0.4069 0.3846 0.3908
0.4070 0.3894 0.3795
0.4070 0.3795 0.4077
0.4077 0.3795 0.3928
0.3795 0.3894 0.3660
0.3660 0.3894 0.3844
0.3844 0.3564 0.3660
0.4310 0.4318 0.4113
0.4113 0.4318 0.4172
0.4311 0.4310 0.4119
0.4310 0.4113 0.4119
0.4113 0.4172 0.3987
0.3987 0.4172 0.4122
0.4122 0.4093 0.3854
0.4093 0.3908 0.3854
0.4122 0.3854 0.3987
0.4127 0.4311 0.4119
0.4500 0.4500 0.4314
0.4314 0.4500 0.4311
0.4314 0.4311 0.4127
0.4323 0.4500 0.4500
0.4500 0.4314 0.4323
0.4500 0.4500 0.4326
0.4326 0.4500 0.4323
0.4680 0.4500 0.4680
0.4500 0.4500 0.4680
0.4500 0.4500 0.4680
0.4680 0.4500 0.4680
0.4680 0.4500 0.4680
0.4500 0.4500 0.4680
0.4500 0.4500 0.4680
0.4680 0.4500 0.4680
0.4500 0.4500 0.4680
0.4680 0.4500 0.4680
0.4500 0.4500 0.4680
0.4500 0.4326 0.4320
0.4500 0.4320 0.4500
0.4347 0.4500 0.4500
0.4500 0.4500 0.4339
0.4500 0.4339 0.4347
0.4500 0.4500 0.4680
0.4680 0.4500 0.4680
0.4500 0.4500 0.4344
0.4344 0.4500 0.4347
0.3660 0.3564 0.3425
0.3564 0.3565 0.3324
0.3324 0.3565 0.3000
0.3564 0.3324 0.3425
0.3854 0.3908 0.3678
0.3678 0.3908 0.3846
0.3846 0.3928 0.3645
0.3846 0.3645 0.3678
0.3645 0.3928 0.3795
0.3660 0.3425 0.3487
0.3795 0.3660 0.3487
0.3795 0.3487 0.3645
0.4127 0.4119 0.3958
0.4119 0.4113 0.3896
0.3958 0.4119 0.3896
0.3896 0.4113 0.3987
0.3896 0.3987 0.3766
0.3766 0.3987 0.3854
0.3620 0.3766 0.3854
0.3854 0.3678 0.3620
0.3580 0.3766 0.3620
0.3932 0.4127 0.3958
0.4323 0.4314 0.4131
0.4314 0.4127 0.4131
0.4131 0.4127 0.3932
0.4326 0.4323 0.4170
0.4170 0.4323 0.4131
0.4320 0.4326 0.4140
0.4326 0.4170 0.4140
0.4500 0.4336 0.4500
0.4339 0.4500 0.4336
0.4500 0.4500 0.4321
0.4321 0.4500 0.4320
0.4500 0.4500 0.4335
0.4500 0.4335 0.4336
0.4335 0.4500 0.4330
0.4330 0.4500 0.4500
0.4500 0.4321 0.4330
0.4321 0.4320 0.4135
0.4320 0.4140 0.4135
0.4344 0.4347 0.4226
0.4347 0.4339 0.4193
0.4226 0.4347 0.4193
0.4339 0.4336 0.4170
0.4339 0.4170 0.4193
0.4500 0.4500 0.4680
0.4680 0.4500 0.4680
0.4500 0.4344 0.4341
0.4500 0.4341 0.4500
0.4341 0.4344 0.4192
0.4344 0.4226 0.4192
0.4500 0.4500 0.4680
0.4680 0.4500 0.4680
0.4500 0.4500 0.4680
0.4680 0.4500 0.4680
0.4680 0.4500 0.4680
0.4680 0.4500 0.4680
0.4500 0.4500 0.4680
0.4500 0.4500 0.4680
0.4680 0.4500 0.4680
0.4500 0.4500 0.4680
0.4680 0.4500 0.4680
0.4500 0.4500 0.4680
0.4500 0.4500 0.4680
0.4680 0.4500 0.4680
0.3000 0.2274 0.2507
0.2274 0.1877 0.2507
0.2274 0.1305 0.1877
0.3000 0.3000 0.2507
0.3425 0.3000 0.3487
0.3324 0.3000 0.3000
0.3000 0.3425 0.3324
0.3431 0.3678 0.3645
0.3678 0.3431 0.3620
0.3645 0.3381 0.3431
0.3487 0.3000 0.3381
0.3381 0.3645 0.3487
0.3932 0.3958 0.3727
0.3958 0.3896 0.3727
0.3727 0.3896 0.3642
0.3642 0.3896 0.3766
0.3642 0.3766 0.3580
0.3620 0.3431 0.3409
0.3409 0.3580 0.3620
0.3409 0.3467 0.3580
0.3467 0.3642 0.3580
0.3932 0.3727 0.3719
0.4140 0.4170 0.3931
0.3931 0.4170 0.4131
0.4131 0.3932 0.3931
0.3931 0.3932 0.3719
0.4135 0.4140 0.3965
0.3965 0.4140 0.3931
0.3530 0.3719 0.3727
0.4336 0.4335 0.4155
0.4336 0.4155 0.4170
0.4330 0.4321 0.4136
0.4136 0.4321 0.4135
0.4335 0.4330 0.4180
0.4155 0.4335 0.4180
0.4180 0.4330 0.4136
0.4136 0.4135 0.3929
0.3929 0.4135 0.3965
0.4170 0.4155 0.3981
0.4192 0.4226 0.4057
0.4057 0.4226 0.4193
0.4193 0.4170 0.4021
0.4193 0.4021 0.4057
0.4021 0.4170 0.3981
0.4500 0.4500 0.4337
0.4337 0.4500 0.4341
0.4337 0.4341 0.4172
0.4341 0.4192 0.4172
0.4172 0.4192 0.4016
0.4016 0.4192 0.4057
0.4338 0.4500 0.4500
0.4500 0.4337 0.4338
0.4500 0.4500 0.4337
0.4337 0.4500 0.4338
0.4500 0.4500 0.4347
0.4347 0.4500 0.4350
0.4350 0.4500 0.4500
0.4500 0.4500 0.4338
0.4500 0.4338 0.4350
0.4500 0.4337 0.4335
0.4500 0.4335 0.4500
0.4338 0.4500 0.4335
0.4500 0.4500 0.4680
0.4680 0.4500 0.4680
0.4500 0.4500 0.4680
0.4680 0.4500 0.4680
0.4500 0.4347 0.4338
0.4500 0.4338 0.4500
0.4680 0.4500 0.4680
0.2393 0.3000 0.2507
0.2393 0.2507 0.1877
0.1877 0.1723 0.2393
0.1877 0.1305 0.1020
0.1877 0.1020 0.1723
0.1305 0.0000 0.1020
0.3000 0.3000 0.2393
0.3000 0.3431 0.3381
0.3000 0.3381 0.3000
0.3409 0.3431 0.3000
0.3417 0.3727 0.3642
0.3642 0.3467 0.3417
0.3417 0.3530 0.3727
0.3417 0.3467 0.3291
0.3409 0.3291 0.3467
0.3291 0.3409 0.3000
0.3719 0.3675 0.3931
0.3560 0.3675 0.3719
0.3719 0.3530 0.3560
0.3929 0.3965 0.3719
0.3719 0.3965 0.3931
0.3675 0.3719 0.3931
0.3530 0.3425 0.3560
0.3417 0.3331 0.3530
0.3425 0.3530 0.3331
0.4155 0.4180 0.3921
0.3921 0.4180 0.4136
0.4136 0.3929 0.3921
0.3981 0.4155 0.3921
0.3719 0.3701 0.3929
0.3921 0.3929 0.3701
0.3782 0.3981 0.3921
0.4021 0.3981 0.3837
0.3837 0.3981 0.3782
0.4016 0.4057 0.3886
0.4021 0.3837 0.3891
0.3886 0.4057 0.3891
0.3891 0.4057 0.4021
0.3782 0.3692 0.3837
0.3806 0.4016 0.3886
0.4338 0.4337 0.4165
0.4165 0.4337 0.4172
0.4165 0.4172 0.3983
0.3983 0.4172 0.4016
0.3983 0.4016 0.3806
0.4337 0.4338 0.4192
0.4192 0.4338 0.4165
0.4335 0.4337 0.4166
0.4166 0.4337 0.4192
0.4338 0.4347 0.4181
0.4347 0.4350 0.4214
0.4181 0.4347 0.4214
0.4350 0.4338 0.4179
0.4214 0.4350 0.4179
0.4338 0.4335 0.4168
0.4335 0.4166 0.4168
0.4338 0.4168 0.4179
0.4680 0.4500 0.4680
0.4500 0.4500 0.4680
0.4680 0.4500 0.4680
0.4500 0.4500 0.4680
0.4680 0.4500 0.4680
0.4500 0.4500 0.4680
0.4500 0.4500 0.4680
0.4680 0.4500 0.4680
0.4680 0.4500 0.4680
0.4500 0.4500 0.4680
0.4500 0.4500 0.4680
0.4680 0.4500 0.4680
0.4500 0.4500 0.4680
0.4334 0.4500 0.4500
0.4500 0.4338 0.4334
0.4500 0.4500 0.4337
0.4337 0.4500 0.4334
0.4334 0.4338 0.4166
0.4338 0.4181 0.4166
0.4339 0.4500 0.4500
0.4680 0.4500 0.4680
0.4680 0.4500 0.4680
0.4500 0.4500 0.4680
0.4500 0.4500 0.4680
0.4680 0.4500 0.4680
0.4500 0.4500 0.4680
0.4680 0.4500 0.4680
0.4680 0.4500 0.4680
0.4500 0.4500 0.4680
0.4500 0.4500 0.4680
0.4680 0.4500 0.4680
0.4500 0.4500 0.4680
0.4500 0.4500 0.4340
0.4340 0.4500 0.4339
0.4500 0.4500 0.4680
0.4680 0.4500 0.4680
0.1020 0.1243 0.1723
0.2084 0.3000 0.2393
0.2084 0.2393 0.1723
0.2084 0.1723 0.1243
0.0000 0.0000 0.1020
0.1020 0.0000 0.1243
0.3000 0.3000 0.2084
0.3000 0.3000 0.3291
0.3331 0.3417 0.3000
0.3417 0.3291 0.3000
0.3719 0.3675 0.3447
0.3560 0.3425 0.3447
0.3447 0.3675 0.3560
0.3493 0.3701 0.3719
0.3447 0.3493 0.3719
0.3000 0.3285 0.3331
0.3285 0.3425 0.3331
0.3425 0.3285 0.3447
0.3651 0.3921 0.3701
0.3782 0.3921 0.3651
0.3493 0.3495 0.3701
0.3495 0.3651 0.3701
0.3616 0.3692 0.3782
0.3651 0.3616 0.3782
0.3886 0.3891 0.3662
0.3886 0.3662 0.3806
0.3891 0.3837 0.3662
0.3837 0.3692 0.3662
0.3662 0.3692 0.3563
0.3563 0.3692 0.3616
0.3594 0.3806 0.3662
0.3983 0.3806 0.3778
0.3778 0.3806 0.3594
0.4166 0.4181 0.4026
0.4166 0.4192 0.3963
0.3963 0.4192 0.4165
0.4165 0.3983 0.3963
0.3963 0.3983 0.3778
0.4168 0.4166 0.4012
0.4012 0.4166 0.3963
0.4181 0.4214 0.4015
0.4015 0.4214 0.4179
0.4026 0.4181 0.4015
0.4179 0.4168 0.3987
0.3987 0.4168 0.4012
0.4179 0.3987 0.4015
0.4500 0.4326 0.4500
0.4500 0.4326 0.4339
0.4339 0.4326 0.4197
0.4500 0.4500 0.4312
0.4500 0.4312 0.4326
0.4312 0.4500 0.4312
0.4312 0.4500 0.4500
0.4500 0.4337 0.4340
0.4500 0.4340 0.4500
0.4500 0.4500 0.4342
0.4342 0.4500 0.4340
0.4500 0.4342 0.4312
0.4337 0.4334 0.4162
0.4162 0.4334 0.4166
0.4340 0.4337 0.4197
0.4197 0.4337 0.4162
0.4162 0.4166 0.3958
0.4166 0.4026 0.3958
0.4340 0.4339 0.4182
0.4182 0.4339 0.4197
0.4182 0.4197 0.4030
0.4500 0.4335 0.4500
0.4500 0.4500 0.4334
0.4500 0.4334 0.4335
0.4334 0.4500 0.4334
0.4334 0.4500 0.4500
0.4500 0.4340 0.4336
0.4500 0.4336 0.4500
0.4338 0.4500 0.4500
0.4338 0.4500 0.4336
0.4500 0.4500 0.4334
0.4500 0.4334 0.4334
0.4334 0.4500 0.4338
0.4336 0.4340 0.4174
0.4340 0.4182 0.4174
0.4500 0.4500 0.4680
0.4680 0.4500 0.4680
0.4500 0.4500 0.4680
0.4680 0.4500 0.4680
0.4500 0.4500 0.4680
0.4680 0.4500 0.4680
0.4500 0.4500 0.4337
0.4337 0.4500 0.4335
0.4500 0.4500 0.4680
0.4680 0.4500 0.4680
0.4500 0.4500 0.4680
0.4680 0.4500 0.4680
0.4500 0.4500 0.4680
0.4680 0.4500 0.4680
0.4500 0.4500 0.4680
0.4680 0.4500 0.4680
0.4500 0.4500 0.4680
0.4680 0.4500 0.4680
0.4500 0.4500 0.4680
0.4680 0.4500 0.4680
0.4500 0.4500 0.4680
0.0000 0.1059 0.1243
0.1243 0.1059 0.2084
0.3000 0.2084 0.2167
0.2167 0.2084 0.1059
0.0000 0.0000 0.1059
0.3000 0.3000 0.2167
0.3447 0.3285 0.3000
0.3000 0.3285 0.3000
0.3495 0.3493 0.3000
0.3493 0.3447 0.3000
0.3000 0.3391 0.3495
0.3563 0.3616 0.3391
0.3651 0.3495 0.3391
0.3391 0.3616 0.3651
0.3368 0.3594 0.3662
0.3662 0.3563 0.3368
0.3563 0.3391 0.3368
0.3405 0.3594 0.3368
0.3778 0.3594 0.3613
0.3613 0.3594 0.3405
0.3712 0.3963 0.3778
0.3613 0.3712 0.3778
0.4026 0.4015 0.3813
0.3958 0.4026 0.3813
0.3813 0.3766 0.3958
0.3774 0.4012 0.3963
0.3712 0.3774 0.3963
0.3987 0.4012 0.3774
0.3778 0.3813 0.4015
0.4015 0.3987 0.3778
0.3987 0.3774 0.3778
0.4326 0.4312 0.4109
0.4326 0.4109 0.4197
0.4197 0.4109 0.4030
0.4312 0.4312 0.4133
0.4109 0.4312 0.4133
0.4312 0.4342 0.4121
0.4133 0.4312 0.4121
0.4342 0.4340 0.4162
0.4340 0.4197 0.4162
0.4342 0.4162 0.4121
0.4197 0.4162 0.3985
0.4197 0.3985 0.4162
0.4162 0.3958 0.3985
0.3766 0.3813 0.3603
0.3788 0.3985 0.3958
0.3788 0.3958 0.3766
0.3766 0.3603 0.3672
0.3788 0.3766 0.3672
0.4174 0.4182 0.4022
0.4022 0.4182 0.4030
0.4109 0.3918 0.4030
0.4030 0.3918 0.3884
0.4030 0.3884 0.4022
0.4337 0.4335 0.4202
0.4335 0.4334 0.4174
0.4335 0.4174 0.4202
0.4334 0.4334 0.4167
0.4174 0.4334 0.4167
0.4334 0.4334 0.4171
0.4167 0.4334 0.4171
0.4338 0.4336 0.4163
0.4336 0.4174 0.4163
0.4334 0.4338 0.4165
0.4165 0.4338 0.4163
0.4334 0.4165 0.4171
0.4163 0.4174 0.4001
0.4174 0.4022 0.4001
0.4500 0.4337 0.4330
0.4500 0.4330 0.4500
0.4500 0.4500 0.4336
0.4336 0.4500 0.4330
0.4339 0.4500 0.4500
0.4500 0.4336 0.4339
0.4330 0.4337 0.4145
0.4145 0.4337 0.4202
0.4500 0.4500 0.4333
0.4333 0.4500 0.4339
0.4680 0.4500 0.4680
0.4500 0.4500 0.4680
0.4334 0.4500 0.4500
0.4500 0.4333 0.4334
0.4500 0.4500 0.4337
0.4337 0.4500 0.4334
0.4500 0.4337 0.4346
0.4500 0.4346 0.4500
0.4500 0.4500 0.4349
0.4349 0.4500 0.4346
0.4500 0.4349 0.4345
0.4500 0.4345 0.4500
0.4345 0.4500 0.4500
0.4500 0.4345 0.4345
0.3000 0.2167 0.1444
0.1059 0.0000 0.1444
0.1444 0.2167 0.1059
0.0000 0.0000 0.1444
0.3000 0.3000 0.1444
0.3368 0.3391 0.3000
0.3000 0.3391 0.3000
0.3000 0.3405 0.3368
0.3000 0.3434 0.3405
0.3434 0.3613 0.3405
0.3712 0.3613 0.3434
0.3774 0.3712 0.3434
0.3546 0.3603 0.3813
0.3546 0.3813 0.3778
0.3546 0.3778 0.3533
0.3778 0.3774 0.3533
0.3434 0.3533 0.3774
0.4109 0.4133 0.3855
0.3855 0.4133 0.4121
0.4109 0.3855 0.3918
0.4121 0.4162 0.3920
0.4121 0.3920 0.3855
0.3920 0.4162 0.3985
0.3920 0.3985 0.3717
0.3717 0.3985 0.3788
0.3431 0.3603 0.3546
0.3672 0.3603 0.3576
0.3576 0.3603 0.3431
0.3634 0.3717 0.3788
0.3672 0.3576 0.3634
0.3634 0.3788 0.3672
0.4001 0.4022 0.3867
0.3867 0.4022 0.3884
0.3918 0.3855 0.3719
0.3884 0.3918 0.3719
0.3867 0.3884 0.3755
0.3755 0.3884 0.3719
0.4145 0.4202 0.4022
0.4022 0.4202 0.4174
0.4174 0.4167 0.3994
0.4174 0.3994 0.4022
0.4167 0.4171 0.3998
0.4167 0.3998 0.3994
0.4171 0.4165 0.4030
0.4171 0.4030 0.3998
0.4165 0.4163 0.3961
0.4165 0.3961 0.4030
0.3961 0.4163 0.4001
0.3961 0.4001 0.3850
0.4001 0.3867 0.3850
0.4336 0.4330 0.4165
0.4330 0.4145 0.4165
0.4339 0.4336 0.4180
0.4336 0.4165 0.4180
0.4333 0.4339 0.4205
0.4205 0.4339 0.4180
0.4165 0.4145 0.4024
0.4145 0.4022 0.3944
0.4145 0.3944 0.4024
0.4334 0.4333 0.4108
0.4333 0.4205 0.4108
0.4680 0.4680 0.4500
0.4680 0.4500 0.4500
0.4500 0.4500 0.4335
0.4335 0.4500 0.4345
0.4500 0.4500 0.4680
0.4680 0.4680 0.4500
0.4349 0.4346 0.4225
0.4337 0.4334 0.4157
0.4157 0.4334 0.4108
0.4157 0.4108 0.3954
0.4346 0.4337 0.4186
0.4186 0.4337 0.4157
0.4346 0.4186 0.4225
0.4335 0.4345 0.4218
0.4345 0.4349 0.4191
0.4191 0.4349 0.4225
0.4345 0.4345 0.4190
0.4345 0.4191 0.4190
0.4218 0.4345 0.4190
0.4680 0.4680 0.4500
0.4500 0.4500 0.4680
0.4680 0.4680 0.4500
0.4680 0.4680 0.4500
0.4680 0.4500 0.4500
0.4680 0.4680 0.4500
0.4680 0.4500 0.4500
0.4500 0.4500 0.4680
0.4680 0.4680 0.4500
0.4680 0.4680 0.4500
0.4680 0.4500 0.4500
0.4500 0.4500 0.4680
0.4680 0.4680 0.4500
0.4500 0.4500 0.4680
0.4680 0.4680 0.4500
0.4680 0.4500 0.4500
0.4680 0.4680 0.4500
0.4680 0.4500 0.4500
0.4500 0.4500 0.4680
0.4680 0.4680 0.4500
0.4680 0.4680 0.4500
0.4680 0.4500 0.4500
0.4500 0.4500 0.4680
0.4680 0.4680 0.4500
0.1444 0.0000 0.1484
0.1444 0.1484 0.3000
0.0000 0.0000 0.1484
0.3000 0.3000 0.1484
0.3431 0.3546 0.3000
0.3000 0.3000 0.3434
0.3533 0.3434 0.3000
0.3533 0.3000 0.3546
0.3920 0.3717 0.3559
0.3855 0.3920 0.3559
0.3719 0.3855 0.3559
0.3634 0.3576 0.3417
0.3559 0.3717 0.3417
0.3717 0.3634 0.3417
0.3000 0.3417 0.3431
0.3417 0.3576 0.3431
0.3850 0.3867 0.3700
0.3867 0.3755 0.3700
0.3449 0.3719 0.3559
0.3755 0.3719 0.3612
0.3700 0.3755 0.3612
0.3612 0.3719 0.3449
0.3944 0.4022 0.3813
0.3813 0.4022 0.3994
0.3994 0.3998 0.3790
0.3994 0.3790 0.3813
0.3998 0.4030 0.3837
0.3790 0.3998 0.3837
0.3837 0.4030 0.3961
0.3723 0.3837 0.3961
0.3723 0.3961 0.3850
0.3850 0.3700 0.3723
0.4180 0.4165 0.4009
0.4165 0.4024 0.4009
0.4108 0.4205 0.4028
0.4028 0.4205 0.4180
0.4180 0.4009 0.4028
0.4009 0.4024 0.3871
0.3871 0.4024 0.3944
0.3944 0.3813 0.3791
0.3791 0.3871 0.3944
0.3791 0.3813 0.3656
0.4028 0.3897 0.4108
0.3897 0.3954 0.4108
0.3954 0.3897 0.3803
0.4500 0.4335 0.4326
0.4500 0.4326 0.4500
0.4326 0.4335 0.4159
0.4159 0.4335 0.4218
0.4329 0.4500 0.4500
0.4329 0.4500 0.4326
0.4191 0.4225 0.4055
0.4055 0.4225 0.4186
0.3801 0.3954 0.3803
0.4186 0.4157 0.3996
0.4186 0.3996 0.4055
0.3996 0.4157 0.3954
0.3996 0.3954 0.3801
0.4159 0.4218 0.4064
0.4064 0.4218 0.4190
0.4190 0.4191 0.3981
0.4190 0.3981 0.4064
0.3981 0.4191 0.4055
0.4500 0.4500 0.4341
0.4339 0.4500 0.4500
0.4500 0.4341 0.4339
0.4341 0.4500 0.4344
0.4500 0.4500 0.4344
0.4500 0.4500 0.4347
0.4500 0.4347 0.4344
0.4500 0.4500 0.4319
0.4319 0.4500 0.4329
0.4321 0.4500 0.4500
0.4500 0.4319 0.4321
0.4500 0.4500 0.4328
0.4328 0.4500 0.4321
0.4347 0.4500 0.4321
0.4321 0.4500 0.4500
0.4500 0.4328 0.4321
0.4500 0.4500 0.4335
0.4335 0.4500 0.4339
0.4680 0.4680 0.4500
0.4680 0.4500 0.4500
0.4325 0.4500 0.4500
0.4500 0.4335 0.4325
0.4500 0.4500 0.4331
0.4331 0.4500 0.4325
0.4329 0.4500 0.4500
0.4500 0.4331 0.4329
0.4500 0.4500 0.4680
0.4680 0.4680 0.4500
0.4680 0.4680 0.4500
0.4680 0.4500 0.4500
0.4500 0.4500 0.4680
0.4680 0.4680 0.4500
0.4680 0.4680 0.4500
0.4680 0.4500 0.4500
0.1484 0.0000 0.1497
0.1484 0.1497 0.3000
0.0000 0.0000 0.1497
0.3000 0.3000 0.1497
0.3417 0.3000 0.3559
0.3000 0.3449 0.3559
0.3000 0.3000 0.3417
0.3612 0.3438 0.3700
0.3000 0.3438 0.3449
0.3438 0.3612 0.3449
0.3723 0.3700 0.3438
0.3790 0.3544 0.3813
0.3656 0.3813 0.3544
0.3837 0.3723 0.3555
0.3544 0.3790 0.3555
0.3790 0.3837 0.3555
0.3438 0.3555 0.3723
0.4009 0.3871 0.3785
0.4028 0.4009 0.3785
0.3785 0.3897 0.4028
0.3791 0.3656 0.3669
0.3785 0.3871 0.3669
0.3871 0.3791 0.3669
0.3656 0.3544 0.3476
0.3656 0.3476 0.3669
0.3803 0.3897 0.3684
0.3684 0.3897 0.3785
0.3801 0.3803 0.3680
0.3680 0.3803 0.3684
0.3801 0.3680 0.3597
0.4329 0.4326 0.4134
0.4326 0.4159 0.4134
0.4134 0.4159 0.3981
0.3981 0.4159 0.4064
0.4319 0.4329 0.4135
0.4135 0.4329 0.4134
0.3981 0.4055 0.3768
0.4055 0.3996 0.3768
0.3768 0.3996 0.3801
0.3768 0.3801 0.3597
0.3981 0.4064 0.3856
0.3856 0.4064 0.3981
0.3981 0.3749 0.3856
0.3768 0.3749 0.3981
0.4341 0.4344 0.4190
0.4339 0.4341 0.4185
0.4185 0.4341 0.4190
0.4335 0.4339 0.4203
0.4203 0.4339 0.4185
0.4344 0.4347 0.4190
0.4190 0.4344 0.4190
0.4190 0.4190 0.4057
0.4347 0.4321 0.4180
0.4347 0.4180 0.4190
0.4321 0.4319 0.4129
0.4319 0.4135 0.4129
0.4328 0.4321 0.4156
0.4156 0.4321 0.4129
0.4321 0.4328 0.4094
0.4328 0.4156 0.4094
0.4180 0.4321 0.4094
0.4325 0.4335 0.4144
0.4335 0.4203 0.4144
0.4500 0.4500 0.4315
0.4315 0.4500 0.4329
0.4331 0.4325 0.4140
0.4140 0.4325 0.4144
0.4329 0.4331 0.4155
0.4331 0.4140 0.4155
0.4315 0.4329 0.4172
0.4172 0.4329 0.4155
0.4680 0.4680 0.4500
0.4500 0.4500 0.4680
0.4680 0.4680 0.4500
0.4680 0.4680 0.4500
0.4680 0.4500 0.4500
0.4500 0.4500 0.4680
0.4680 0.4680 0.4500
0.4500 0.4500 0.4680
0.4680 0.4680 0.4500
0.4680 0.4680 0.4500
0.4680 0.4500 0.4500
0.4500 0.4500 0.4680
0.4680 0.4680 0.4500
0.4680 0.4500 0.4500
0.4289 0.4500 0.4500
0.4500 0.4315 0.4289
0.4500 0.4500 0.4283
0.4283 0.4500 0.4289
0.4305 0.4500 0.4500
0.4500 0.4283 0.4305
0.4500 0.4500 0.4304
0.4304 0.4500 0.4305
0.4680 0.4680 0.4500
0.4680 0.4500 0.4500
0.4500 0.4500 0.4680
0.4680 0.4680 0.4500
0.4680 0.4680 0.4500
0.4680 0.4500 0.4500
0.1497 0.0000 0.1498
0.1497 0.1498 0.3000
0.0000 0.0000 0.1498
0.3000 0.3000 0.1498
0.3555 0.3438 0.3000
0.3476 0.3544 0.3000
0.3544 0.3555 0.3000
0.3000 0.3000 0.3438
0.3000 0.3439 0.3476
0.3669 0.3476 0.3439
0.3439 0.3684 0.3785
0.3785 0.3669 0.3439
0.3457 0.3680 0.3684
0.3439 0.3457 0.3684
0.3680 0.3457 0.3597
0.3597 0.3457 0.3465
0.3465 0.3768 0.3597
0.3791 0.3981 0.3856
0.4135 0.4134 0.3885
0.4134 0.3981 0.3885
0.3885 0.3981 0.3791
0.4129 0.4135 0.3938
0.4135 0.3885 0.3938
0.3465 0.3502 0.3768
0.3502 0.3749 0.3768
0.3502 0.3639 0.3749
0.3749 0.3639 0.3856
0.3639 0.3791 0.3856
0.4185 0.4190 0.4021
0.4021 0.4190 0.4057
0.4144 0.4203 0.4014
0.4014 0.4203 0.4185
0.4185 0.4021 0.4014
0.4021 0.4057 0.3902
0.4190 0.4180 0.3948
0.3948 0.4180 0.4094
0.4057 0.4190 0.3948
0.3902 0.4057 0.3948
0.4094 0.4156 0.3907
0.3907 0.4156 0.4129
0.4129 0.3938 0.3907
0.4094 0.3907 0.3844
0.4094 0.3844 0.3948
0.3948 0.3791 0.3902
0.4140 0.4144 0.3953
0.3953 0.4144 0.4014
0.4289 0.4315 0.4103
0.4315 0.4172 0.4103
0.4155 0.4140 0.3942
0.3942 0.4140 0.3953
0.4103 0.4172 0.3960
0.3960 0.4172 0.4155
0.4155 0.3942 0.3960
0.4327 0.4500 0.4500
0.4500 0.4500 0.4326
0.4326 0.4500 0.4327
0.4500 0.4334 0.4500
0.4327 0.4500 0.4334
0.4500 0.4500 0.4341
0.4500 0.4341 0.4334
0.4341 0.4500 0.4327
0.4327 0.4500 0.4500
0.4500 0.4304 0.4310
0.4500 0.4310 0.4500
0.4500 0.4500 0.4321
0.4500 0.4321 0.4327
0.4321 0.4500 0.4310
0.4283 0.4289 0.4030
0.4030 0.4289 0.4103
0.4305 0.4283 0.4093
0.4283 0.4030 0.4093
0.4304 0.4305 0.4141
0.4141 0.4305 0.4093
0.4310 0.4304 0.4096
0.4304 0.4141 0.4096
0.4680 0.4680 0.4500
0.4500 0.4500 0.4680
0.4680 0.4680 0.4500
0.4680 0.4680 0.4500
0.4680 0.4500 0.4500
0.4500 0.4500 0.4680
0.4680 0.4680 0.4500
0.4680 0.4500 0.4500
0.4500 0.4500 0.4680
0.4680 0.4680 0.4500
0.4680 0.4680 0.4500
0.4680 0.4500 0.4500
0.4333 0.4500 0.4500
0.4500 0.4326 0.4333
0.4500 0.4500 0.4322
0.4322 0.4500 0.4333
0.4311 0.4500 0.4500
0.4500 0.4322 0.4311
0.4500 0.4500 0.4680
0.4680 0.4680 0.4500
0.4680 0.4680 0.4500
0.4680 0.4500 0.4500
0.4500 0.4500 0.4680
0.4680 0.4680 0.4500
0.1498 0.0000 0.1499
0.1498 0.1499 0.3000
0.0000 0.0000 0.1499
0.3000 0.3000 0.1499
0.3457 0.3439 0.3000
0.3000 0.3439 0.3000
0.3502 0.3465 0.3000
0.3465 0.3457 0.3000
0.3791 0.3639 0.3537
0.3885 0.3791 0.3537
0.3907 0.3938 0.3636
0.3636 0.3938 0.3885
0.3636 0.3885 0.3537
0.3000 0.3397 0.3502
0.3397 0.3537 0.3639
0.3639 0.3502 0.3397
0.4014 0.4021 0.3842
0.3902 0.3842 0.4021
0.3953 0.4014 0.3806
0.3806 0.4014 0.3842
0.3902 0.3791 0.3754
0.3754 0.3842 0.3902
0.3844 0.3709 0.3948
0.3709 0.3791 0.3948
0.3844 0.3907 0.3589
0.3589 0.3907 0.3636
0.3844 0.3589 0.3709
0.3791 0.3709 0.3642
0.3791 0.3642 0.3754
0.3942 0.3953 0.3720
0.3720 0.3953 0.3806
0.4030 0.4103 0.3879
0.3879 0.4103 0.3960
0.3942 0.3720 0.3721
0.3960 0.3942 0.3721
0.3960 0.3721 0.3751
0.3751 0.3879 0.3960
0.4327 0.4334 0.4155
0.4326 0.4327 0.4155
0.4155 0.4327 0.4155
0.4333 0.4326 0.4197
0.4326 0.4155 0.4197
0.4334 0.4341 0.4179
0.4334 0.4179 0.4155
0.4155 0.4179 0.4013
0.4341 0.4327 0.4194
0.4341 0.4194 0.4179
0.4327 0.4321 0.4147
0.4194 0.4327 0.4147
0.4321 0.4310 0.4139
0.4310 0.4096 0.4139
0.4147 0.4321 0.4139
0.3879 0.3787 0.4030
0.4093 0.4030 0.3900
0.3787 0.3900 0.4030
0.4139 0.4096 0.3970
0.4096 0.4141 0.3901
0.3901 0.4141 0.4093
0.4093 0.3900 0.3901
0.4096 0.3901 0.3905
0.4096 0.3905 0.3970
0.4500 0.4500 0.4334
0.4331 0.4500 0.4500
0.4500 0.4334 0.4331
0.4500 0.4500 0.4313
0.4313 0.4500 0.4311
0.4334 0.4500 0.4319
0.4319 0.4500 0.4500
0.4500 0.4313 0.4319
0.4500 0.4500 0.4325
0.4325 0.4500 0.4331
0.4316 0.4500 0.4500
0.4500 0.4325 0.4316
0.4322 0.4333 0.4156
0.4156 0.4333 0.4197
0.4311 0.4322 0.4133
0.4322 0.4156 0.4133
0.4313 0.4311 0.4155
0.4155 0.4311 0.4133
0.4500 0.4500 0.4310
0.4310 0.4500 0.4316
0.4307 0.4500 0.4500
0.4500 0.4310 0.4307
0.4680 0.4680 0.4500
0.4680 0.4500 0.4500
0.4500 0.4500 0.4317
0.4317 0.4500 0.4307
0.4500 0.4500 0.4680
0.4680 0.4680 0.4500
0.4680 0.4680 0.4500
0.4680 0.4500 0.4500
0.4500 0.4500 0.4680
0.4680 0.4680 0.4500
0.1499 0.0000 0.1499
0.1499 0.1499 0.3000
0.0000 0.0000 0.1499
0.3000 0.3000 0.1499
0.3537 0.3397 0.3000
0.3000 0.3397 0.3000
0.3589 0.3636 0.3000
0.3636 0.3537 0.3000
0.3519 0.3720 0.3806
0.3754 0.3642 0.3519
0.3806 0.3842 0.3519
0.3842 0.3754 0.3519
0.3439 0.3519 0.3642
0.3439 0.3642 0.3709
0.3439 0.3709 0.3589
0.3589 0.3000 0.3439
0.3461 0.3721 0.3720
0.3461 0.3720 0.3519
0.3751 0.3646 0.3879
0.3646 0.3787 0.3879
0.3494 0.3751 0.3721
0.3494 0.3721 0.3461
0.3751 0.3494 0.3646
0.3646 0.3588 0.3787
0.4155 0.4155 0.3924
0.4155 0.4013 0.3924
0.3924 0.4013 0.3828
0.4197 0.4155 0.4016
0.4197 0.4016 0.4156
0.4155 0.3924 0.4016
0.4179 0.4194 0.3959
0.3959 0.4194 0.4147
0.4013 0.4179 0.3959
0.3828 0.4013 0.3959
0.4147 0.4139 0.3944
0.4139 0.3970 0.3944
0.4147 0.3944 0.3959
0.3787 0.3690 0.3900
0.3690 0.3787 0.3588
0.3901 0.3900 0.3690
0.3944 0.3970 0.3795
0.3795 0.3970 0.3905
0.3905 0.3901 0.3761
0.3905 0.3761 0.3795
0.3761 0.3901 0.3690
0.3743 0.3828 0.3959
0.4334 0.4319 0.4186
0.4331 0.4334 0.4170
0.4334 0.4186 0.4170
0.4325 0.4331 0.4155
0.4155 0.4331 0.4170
0.4319 0.4313 0.4095
0.4313 0.4155 0.4095
0.4186 0.4319 0.4095
0.4316 0.4325 0.4146
0.4325 0.4155 0.4146
0.4310 0.4316 0.4156
0.4156 0.4316 0.4146
0.4133 0.4156 0.3915
0.3915 0.4156 0.4016
0.4095 0.4155 0.3942
0.3942 0.4155 0.4133
0.4133 0.3915 0.3942
0.4317 0.4307 0.4156
0.4307 0.4310 0.4058
0.4310 0.4156 0.4058
0.4156 0.4307 0.4058
0.4314 0.4500 0.4500
0.4500 0.4317 0.4314
0.4314 0.4317 0.4124
0.4317 0.4156 0.4124
0.4680 0.4680 0.4500
0.4680 0.4500 0.4500
0.4500 0.4500 0.4680
0.4500 0.4500 0.4325
0.4325 0.4500 0.4314
0.4333 0.4500 0.4500
0.4500 0.4325 0.4333
0.4500 0.4500 0.4333
0.4333 0.4500 0.4333
0.1499 0.0000 0.1500
0.1499 0.1500 0.3000
0.0000 0.0000 0.1500
0.4680 0.4680 0.4500
0.4680 0.4500 0.4500
0.3000 0.3000 0.1500
0.3000 0.3439 0.3000
0.3000 0.3494 0.3461
0.3519 0.3439 0.3000
0.3000 0.3461 0.3519
0.3000 0.3383 0.3494
0.3646 0.3494 0.3383
0.3383 0.3588 0.3646
0.3690 0.3588 0.3435
0.3588 0.3383 0.3435
0.3828 0.3743 0.3674
0.3924 0.3828 0.3686
0.3686 0.3828 0.3674
0.4016 0.3924 0.3772
0.4016 0.3772 0.3915
0.3924 0.3686 0.3772
0.3944 0.3795 0.3672
0.3959 0.3944 0.3672
0.3743 0.3959 0.3672
0.3517 0.3761 0.3690
0.3517 0.3690 0.3435
0.3795 0.3761 0.3517
0.3672 0.3795 0.3517
0.3583 0.3674 0.3743
0.3672 0.3583 0.3743
0.4146 0.4155 0.3973
0.4170 0.4186 0.4010
0.4010 0.4186 0.4095
0.4155 0.4170 0.3990
0.3973 0.4155 0.3990
0.3990 0.4170 0.4010
0.4095 0.3942 0.3879
0.4095 0.3879 0.4010
0.4058 0.4156 0.3955
0.3955 0.4156 0.4146
0.4146 0.3973 0.3955
0.3955 0.3973 0.3813
0.3942 0.3915 0.3725
0.3725 0.3915 0.3666
0.3772 0.3666 0.3915
0.3942 0.3725 0.3715
0.3715 0.3879 0.3942
0.4124 0.4156 0.3976
0.3976 0.4156 0.4058
0.4058 0.3955 0.3833
0.4058 0.3833 0.3976
0.4325 0.4314 0.4124
0.4124 0.4314 0.4124
0.4124 0.4124 0.3938
0.3938 0.4124 0.3976
0.4500 0.4333 0.4329
0.4500 0.4329 0.4500
0.4500 0.4500 0.4327
0.4327 0.4500 0.4329
0.4500 0.4327 0.4322
0.4333 0.4325 0.4142
0.4325 0.4124 0.4142
0.4333 0.4333 0.4193
0.4193 0.4333 0.4142
0.4329 0.4333 0.4164
0.4333 0.4193 0.4164
0.1500 0.0000 0.1501
0.1500 0.1501 0.3000
0.0000 0.0000 0.1501
0.4322 0.4500 0.4500
0.4500 0.4500 0.4680
0.4680 0.4680 0.4500
-0.5000 -0.5000 -0.4426
0.3000 0.3000 0.1501
0.3435 0.3383 0.3000
0.3000 0.3383 0.3000
0.3000 0.3517 0.3435
0.3686 0.3674 0.3446
0.3583 0.3446 0.3674
0.3666 0.3772 0.3425
0.3772 0.3686 0.3425
0.3686 0.3446 0.3425
0.3000 0.3379 0.3517
0.3583 0.3672 0.3379
0.3379 0.3446 0.3583
0.3517 0.3379 0.3672
0.3973 0.3990 0.3782
0.3973 0.3782 0.3813
0.3782 0.3990 0.3815
0.4010 0.3879 0.3815
0.4010 0.3815 0.3990
0.3699 0.3815 0.3879
0.3879 0.3715 0.3699
0.3833 0.3955 0.3704
0.3955 0.3813 0.3704
0.3704 0.3813 0.3651
0.3813 0.3782 0.3651
0.3715 0.3725 0.3492
0.3492 0.3725 0.3666
0.3492 0.3666 0.3425
0.3715 0.3555 0.3699
0.3555 0.3715 0.3492
0.3976 0.3833 0.3780
0.3976 0.3780 0.3938
0.3780 0.3833 0.3614
0.3833 0.3704 0.3614
0.4142 0.4124 0.3904
0.3904 0.4124 0.3938
0.3904 0.3938 0.3731
0.3731 0.3938 0.3780
0.4304 0.4500 0.4322
0.4327 0.4329 0.4154
0.4329 0.4164 0.4154
0.4322 0.4327 0.4147
0.4147 0.4327 0.4154
0.4304 0.4322 0.4158
0.4158 0.4322 0.4147
0.4164 0.4193 0.3980
0.3980 0.4193 0.4142
0.4142 0.3904 0.3980
0.3980 0.3904 0.3773
0.4154 0.4164 0.4000
0.4000 0.4164 0.3980
0.1501 0.0000 0.1504
0.1501 0.1504 0.3000
0.0000 0.0000 0.1504
0.4500 0.4500 0.4304
0.4500 0.4304 0.4295
0.4680 0.4680 0.4500
0.4680 0.4500 0.4500
-0.5000 -0.3852 -0.4426
-0.5000 -0.4426 -0.3852
-0.3852 -0.3852 -0.4426
0.3000 0.3000 0.1504
0.3446 0.3379 0.3000
0.3425 0.3446 0.3000
0.3492 0.3425 0.3000
0.3000 0.3000 0.3379
0.3699 0.3530 0.3815
0.3699 0.3555 0.3530
0.3651 0.3782 0.3530
0.3782 0.3815 0.3530
0.3614 0.3704 0.3381
0.3381 0.3704 0.3651
0.3530 0.3381 0.3651
0.3555 0.3357 0.3530
0.3357 0.3555 0.3492
0.3000 0.3357 0.3492
0.3731 0.3780 0.3564
0.3564 0.3780 0.3614
0.3614 0.3381 0.3388
0.3614 0.3388 0.3564
0.3659 0.3773 0.3904
0.3659 0.3904 0.3731
0.3564 0.3543 0.3731
0.3543 0.3659 0.3731
0.3582 0.3773 0.3659
0.4295 0.4304 0.4049
0.4304 0.4158 0.4049
0.4147 0.4154 0.3957
0.3957 0.4154 0.4000
0.4049 0.4158 0.3965
0.3965 0.4158 0.4147
0.4147 0.3957 0.3965
0.3957 0.4000 0.3743
0.3743 0.4000 0.3980
0.3980 0.3773 0.3743
0.3773 0.3582 0.3743
0.1504 0.0000 0.1515
0.1504 0.1515 0.3000
0.0000 0.0000 0.1515
0.4295 0.4049 0.4092
0.4092 0.4049 0.3897
0.4302 0.4295 0.4092
0.4500 0.4295 0.4500
0.4302 0.4500 0.4295
0.4500 0.4500 0.4680
0.4680 0.4680 0.4500
-0.3852 -0.2500 -0.3852
-0.2500 -0.3852 -0.2500
0.3000 0.3000 0.1515
0.3530 0.3357 0.3000
0.3000 0.3357 0.3000
0.3388 0.3381 0.3000
0.3381 0.3530 0.3000
0.3000 0.3330 0.3388
0.3388 0.3330 0.3564
0.3543 0.3564 0.3330
0.3659 0.3543 0.3421
0.3421 0.3582 0.3659
0.3330 0.3421 0.3543
0.3743 0.3582 0.3442
0.3442 0.3582 0.3421
0.4049 0.3965 0.3794
0.3794 0.3897 0.4049
0.3965 0.3957 0.3734
0.3734 0.3957 0.3743
0.3965 0.3734 0.3794
0.3734 0.3743 0.3513
0.3513 0.3743 0.3442
0.0000 0.0000 0.1589
0.1515 0.0000 0.1589
0.1515 0.1589 0.3000
0.3674 0.3897 0.3794
0.4092 0.4133 0.4302
0.3882 0.4133 0.4092
0.4092 0.3897 0.3882
0.3882 0.3897 0.3674
0.4298 0.4302 0.4133
0.4298 0.4500 0.4302
0.4302 0.4500 0.4500
0.4680 0.4680 0.4500
0.4680 0.4500 0.4500
-0.2500 -0.2500 -0.1148
-0.1148 -0.2500 -0.1148
-0.1148 -0.0574 -0.1148
0.1589 0.0000 0.0990
0.0000 0.0000 0.0990
0.3000 0.3000 0.1589
0.3000 0.3513 0.3442
0.3421 0.3330 0.3000
0.3000 0.3330 0.3000
0.3000 0.3442 0.3421
0.3445 0.3674 0.3794
0.3445 0.3513 0.3000
0.3734 0.3513 0.3445
0.3445 0.3794 0.3734
0.3414 0.3674 0.3445
0.1589 0.0990 0.2031
0.1589 0.2031 0.3000
0.3882 0.3674 0.3612
0.3612 0.3674 0.3414
0.4069 0.4298 0.4133
0.4069 0.4133 0.3882
0.4069 0.3882 0.3833
0.3612 0.3833 0.3882
0.4303 0.4298 0.4069
0.4152 0.4303 0.4069
0.4500 0.4500 0.4298
0.4500 0.4298 0.4303
0.4500 0.4500 0.4680
0.4680 0.4680 0.4500
-0.1148 0.0000 -0.0574
0.0000 -0.0000 -0.0574
-0.0000 -0.1148 -0.0574
-0.0000 0.0000 0.0758
0.0000 0.0000 0.1094
0.0990 0.0000 0.1094
0.0990 0.1094 0.2031
0.0000 -0.0000 0.0787
0.1094 0.0000 0.0787
0.3000 0.3000 0.2031
0.3445 0.3000 0.3000
0.3000 0.3414 0.3445
0.3378 0.3612 0.3414
0.3414 0.3000 0.3378
0.3416 0.3612 0.3378
0.2163 0.3000 0.2031
0.2163 0.2031 0.1094
0.3684 0.3833 0.3612
0.3416 0.3684 0.3612
0.3553 0.3684 0.3416
0.4152 0.4069 0.3917
0.3917 0.4069 0.3833
0.3917 0.3833 0.3684
0.4143 0.4152 0.3917
0.4143 0.4320 0.4152
0.4152 0.4320 0.4303
0.4263 0.4320 0.4143
0.4500 0.4303 0.4500
0.4320 0.4500 0.4303
0.4680 0.4680 0.4500
0.4680 0.4500 0.4500
0.0000 0.1142 0.0758
-0.0000 0.0758 0.1142
-0.0000 0.1142 0.0787
0.1142 0.1505 0.0758
0.1142 0.0758 0.1505
0.1142 0.1766 0.0787
0.1094 0.0787 0.1766
0.1094 0.1766 0.2163
0.3000 0.3000 0.2163
0.3378 0.3000 0.3000
0.3416 0.3378 0.3000
0.3309 0.3553 0.3416
0.3309 0.3416 0.3000
0.2488 0.3000 0.2163
0.2488 0.2163 0.1766
0.3479 0.3553 0.3309
0.3784 0.3917 0.3684
0.3784 0.3684 0.3553
0.3784 0.3553 0.3660
0.3660 0.3553 0.3479
0.4047 0.4263 0.4143
0.4143 0.3917 0.4047
0.4047 0.3917 0.3784
0.4305 0.4263 0.4047
0.4500 0.4500 0.4320
0.4500 0.4320 0.4263
0.4500 0.4263 0.4305
0.4500 0.4500 0.4680
0.4680 0.4680 0.4500
0.1142 0.2217 0.1505
0.2217 0.1142 0.1505
0.1505 0.2217 0.2217
0.1142 0.2217 0.1766
0.2217 0.2687 0.2217
0.1766 0.2217 0.2514
0.1766 0.2514 0.2488
0.3000 0.3000 0.2488
0.3000 0.2488 0.2514
0.3000 0.3479 0.3309
0.3309 0.3000 0.3000
0.3660 0.3479 0.3594
0.3594 0.3479 0.3000
0.3594 0.3879 0.3660
0.3784 0.3660 0.3879
0.4047 0.3784 0.3879
0.3594 0.3890 0.3879
0.4305 0.4047 0.4162
0.3879 0.4162 0.4047
0.4162 0.4350 0.4305
0.4305 0.4350 0.4500
0.4305 0.4500 0.4500
0.4680 0.4680 0.4500
0.4680 0.4500 0.4500
0.2217 0.3000 0.2687
0.3000 0.3000 0.2687
0.3000 0.3000 0.2687
0.3000 0.2217 0.2687
0.2217 0.3000 0.2514
0.3000 0.3000 0.2514
0.3000 0.3363 0.3000
0.3000 0.3363 0.3594
0.3631 0.3594 0.3363
0.3000 0.3000 0.3405
0.3000 0.3000 0.3344
0.3344 0.3000 0.3405
0.3837 0.3890 0.3594
0.3631 0.3837 0.3594
0.4089 0.4162 0.3879
0.3890 0.4089 0.3879
0.4046 0.4089 0.3890
0.4046 0.3890 0.3837
0.4313 0.4350 0.4162
0.4089 0.4313 0.4162
0.4313 0.4500 0.4350
0.4350 0.4500 0.4500
0.4500 0.4500 0.4680
0.4680 0.4680 0.4500
0.3000 0.3565 0.3405
0.3565 0.3763 0.3405
0.3565 0.3000 0.3344
0.3565 0.3631 0.3363
0.3363 0.3000 0.3565
0.3565 0.3804 0.3631
0.3631 0.3804 0.3837
0.3742 0.3565 0.3344
0.3742 0.3344 0.3405
0.3405 0.3763 0.3742
0.3763 0.3999 0.3742
0.3804 0.4005 0.3837
0.3837 0.4005 0.4046
0.4173 0.4046 0.4005
0.4283 0.4313 0.4089
0.4283 0.4089 0.4046
0.4283 0.4046 0.4173
0.4283 0.4500 0.4313
0.4313 0.4500 0.4500
0.4680 0.4680 0.4500
0.4680 0.4500 0.4500
0.3999 0.4176 0.4181
0.3763 0.4060 0.3999
0.3999 0.4060 0.4176
0.3565 0.3978 0.3763
0.3763 0.3978 0.4060
0.4060 0.4298 0.4176
0.4298 0.4340 0.4176
0.4340 0.4181 0.4176
0.3978 0.3565 0.3742
0.3978 0.4005 0.3804
0.3978 0.3804 0.3565
0.3978 0.3742 0.4079
0.4079 0.3742 0.3999
0.4079 0.3999 0.4181
0.4190 0.4173 0.4005
0.4190 0.4005 0.3978
0.4190 0.4343 0.4173
0.4173 0.4343 0.4283
0.4343 0.4500 0.4283
0.4283 0.4500 0.4500
0.4500 0.4500 0.4680
0.4680 0.4680 0.4500
0.4340 0.4298 0.4181
0.4181 0.4298 0.4079
0.3978 0.4279 0.4060
0.4060 0.4279 0.4298
0.4298 0.4279 0.4402
0.4500 0.4298 0.4402
0.4500 0.4500 0.4298
0.4298 0.4500 0.4340
0.4500 0.4500 0.4340
0.4340 0.4500 0.4298
0.4279 0.3978 0.4079
0.4279 0.4079 0.4298
0.3978 0.4279 0.4190
0.4279 0.4362 0.4190
0.4190 0.4362 0.4343
0.4298 0.4399 0.4279
0.4343 0.4362 0.4500
0.4343 0.4500 0.4500
0.4680 0.4680 0.4500
0.4680 0.4500 0.4500
0.4500 0.4500 0.4298
0.4298 0.4500 0.4399
0.4279 0.4500 0.4402
0.4500 0.4500 0.4402
0.4500 0.4500 0.4590
0.4500 0.4590 0.4680
0.4680 0.4680 0.4500
0.4680 0.4500 0.4500
0.4680 0.4680 0.4500
0.4680 0.4500 0.4500
0.4500 0.4680 0.4500
0.4500 0.4500 0.4399
0.4500 0.4279 0.4399
0.4500 0.4500 0.4362
0.4500 0.4362 0.4279
0.4500 0.4500 0.4590
0.4500 0.4500 0.4680
0.4680 0.4680 0.4500
0.4590 0.4500 0.4680
0.4680 0.4680 0.4500
0.4500 0.4680 0.4590
0.4680 0.4680 0.4590
0.4680 0.4680 0.4824
0.4680 0.4680 0.4853
0.4853 0.4680 0.4824
0.4680 0.4680 0.4894
0.4894 0.4680 0.4853
0.4680 0.4680 0.4803
0.4803 0.4680 0.4894
0.4680 0.4680 0.4590
0.4500 0.4590 0.4680
0.4680 0.4680 0.4500
0.4680 0.4680 0.4808
0.4808 0.4680 0.4803
0.4680 0.4889 0.4824
0.4889 0.5017 0.4824
0.4853 0.4824 0.5017
0.4894 0.4853 0.5022
0.5022 0.4853 0.5017
0.4894 0.5022 0.5130
0.5015 0.4808 0.4803
0.4803 0.4894 0.5015
0.5130 0.5015 0.4894
0.4890 0.4680 0.4808
0.5015 0.4890 0.4808
0.4889 0.5169 0.5017
0.5017 0.5169 0.5343
0.5017 0.5343 0.5022
0.5343 0.5130 0.5022
0.5337 0.5015 0.5130
0.5343 0.5337 0.5130
0.5170 0.4890 0.5015
0.5337 0.5170 0.5015
0.5169 0.5546 0.5343
0.5343 0.5546 0.5914
0.5640 0.5337 0.5343
0.5343 0.5914 0.5640
0.5549 0.5170 0.5337
0.5549 0.5337 0.5640
0.5546 0.6053 0.5914
0.5914 0.6053 0.6422
0.6058 0.5549 0.5640
0.6058 0.5640 0.5914
0.5914 0.6422 0.6058
0.6053 0.6736 0.6422
0.6422 0.6736 0.7051
0.6745 0.6058 0.6422
0.6422 0.7051 0.6745
0.6736 0.7655 0.7051
0.7669 0.6745 0.7051
0.7051 0.7655 0.7669
0.7655 0.8842 0.7669
0.8851 0.7669 0.8842
0.8851 0.8842 0.9423
0.8842 1.0000 0.9423
1.0000 1.0000 0.9423
1.0000 0.8851 0.9423
