2.9555 2.9795 2.9794
2.9794 2.9795 3.0000
2.9795 3.0000 3.0000
2.9555 2.9552 2.9304
2.9552 2.9555 2.9794
2.9304 2.9301 2.9053
2.9552 2.9301 2.9304
2.8802 2.8799 2.8551
2.9301 2.9050 2.9053
2.9053 2.9050 2.8802
2.9050 2.8799 2.8802
2.9794 3.0000 2.9851
2.9794 2.9851 2.9670
2.9794 2.9670 2.9552
2.8799 2.8548 2.8551
2.8551 2.8548 2.8300
2.8548 2.8297 2.8300
2.8300 2.8297 2.8049
2.8297 2.8046 2.8049
2.8049 2.8046 2.7798
2.9851 3.0000 3.0000
2.8548 2.8799 2.8681
2.9552 2.9670 2.9429
2.9552 2.9429 2.9301
2.9050 2.9301 2.9171
2.9171 2.9301 2.9429
2.8681 2.8799 2.8925
2.8925 2.8799 2.9050
2.9050 2.9171 2.8925
2.9851 3.0000 2.9809
2.9851 2.9809 2.9670
2.9670 2.9809 2.9551
2.9429 2.9670 2.9551
2.8046 2.7795 2.7798
2.7798 2.7795 2.7547
2.7795 2.7544 2.7547
2.7547 2.7544 2.7296
2.8548 2.8681 2.8433
2.8548 2.8433 2.8297
2.8046 2.8297 2.8170
2.8170 2.8297 2.8433
2.7925 2.7795 2.8046
2.8046 2.8170 2.7925
2.7544 2.7293 2.7296
2.7296 2.7293 2.7045
2.9809 3.0000 3.0000
2.8681 2.8925 2.8809
2.8433 2.8681 2.8579
2.8681 2.8809 2.8579
2.9429 2.9551 2.9281
2.9171 2.9429 2.9281
2.8925 2.9171 2.9038
2.8809 2.8925 2.9038
2.9038 2.9171 2.9281
2.9809 2.9697 2.9551
3.0000 2.9697 2.9809
2.9551 2.9697 2.9421
2.9551 2.9421 2.9281
2.7544 2.7795 2.7699
2.7699 2.7795 2.7925
2.7544 2.7699 2.7442
2.7544 2.7442 2.7293
2.7699 2.7925 2.7813
2.8170 2.8433 2.8292
2.8433 2.8579 2.8292
2.7925 2.8170 2.8024
2.7813 2.7925 2.8024
2.8024 2.8170 2.8292
2.7184 2.7293 2.7442
2.7184 2.7043 2.7293
2.7293 2.7043 2.7045
2.7045 2.7043 2.6794
2.7043 2.6792 2.6794
2.6794 2.6792 2.6543
2.6792 2.6541 2.6543
2.6543 2.6541 2.6292
2.6541 2.6290 2.6292
2.6292 2.6290 2.6041
2.4786 2.4784 2.4535
2.4784 2.4533 2.4535
2.4535 2.4533 2.4284
2.9697 3.0000 3.0000
3.0000 2.9658 2.9697
2.8292 2.8579 2.8403
2.8579 2.8809 2.8825
2.8825 2.8809 2.9038
2.8579 2.8825 2.8600
2.8579 2.8600 2.8403
2.9281 2.9421 2.9145
2.9281 2.9145 2.9038
2.9038 2.9145 2.8825
2.9145 2.9421 2.9432
2.9432 2.9421 2.9697
2.9697 2.9658 2.9432
2.7442 2.7699 2.7594
2.7594 2.7699 2.7813
2.7184 2.7442 2.7338
2.7442 2.7594 2.7338
2.7594 2.7813 2.7821
2.7821 2.7813 2.8024
2.8024 2.8292 2.8126
2.8292 2.8403 2.8126
2.8024 2.8126 2.7821
2.7068 2.7184 2.7338
2.6792 2.7043 2.6925
2.6925 2.7043 2.7184
2.6925 2.7184 2.7068
2.6675 2.6541 2.6792
2.6792 2.6925 2.6675
2.6290 2.6541 2.6439
2.6439 2.6541 2.6675
2.5037 2.5035 2.4786
2.5035 2.4784 2.4786
2.6290 2.6039 2.6041
2.6041 2.6039 2.5790
2.5288 2.5286 2.5037
2.5286 2.5035 2.5037
2.6039 2.5788 2.5790
2.5790 2.5788 2.5539
2.5788 2.5537 2.5539
2.5539 2.5537 2.5288
2.5537 2.5286 2.5288
2.6290 2.6439 2.6172
2.6290 2.6172 2.6039
2.4647 2.4533 2.4784
2.4784 2.5035 2.4889
2.4784 2.4889 2.4647
2.4533 2.4282 2.4284
2.4284 2.4282 2.4033
2.4282 2.4533 2.4428
2.4428 2.4533 2.4647
2.9432 2.9658 2.9448
2.9658 3.0000 2.9712
2.9712 3.0000 3.0000
2.9658 2.9712 2.9448
2.8126 2.8403 2.8418
2.8418 2.8403 2.8600
2.8600 2.8825 2.8776
2.8600 2.8776 2.8418
2.8776 2.8825 2.9145
2.9432 2.9448 2.9170
2.9145 2.9432 2.9170
2.9145 2.9170 2.8776
2.7068 2.7338 2.7220
2.7338 2.7594 2.7521
2.7220 2.7338 2.7521
2.7521 2.7594 2.7821
2.7521 2.7821 2.7847
2.7847 2.7821 2.8126
2.8132 2.7847 2.8126
2.8126 2.8418 2.8132
2.7881 2.7847 2.8132
2.6951 2.7068 2.7220
2.6675 2.6925 2.6790
2.6925 2.7068 2.6790
2.6790 2.7068 2.6951
2.6439 2.6675 2.6563
2.6563 2.6675 2.6790
2.6172 2.6439 2.6331
2.6439 2.6563 2.6331
2.5286 2.5147 2.5035
2.4889 2.5035 2.5147
2.5788 2.6039 2.5891
2.5891 2.6039 2.6172
2.5286 2.5537 2.5393
2.5286 2.5393 2.5147
2.5393 2.5537 2.5631
2.5631 2.5537 2.5788
2.5788 2.5891 2.5631
2.5891 2.6172 2.6044
2.6172 2.6331 2.6044
2.4428 2.4647 2.4539
2.4647 2.4889 2.4740
2.4539 2.4647 2.4740
2.4889 2.5147 2.4995
2.4889 2.4995 2.4740
2.4282 2.4031 2.4033
2.4033 2.4031 2.3782
2.4282 2.4428 2.4177
2.4282 2.4177 2.4031
2.4177 2.4428 2.4338
2.4428 2.4539 2.4338
2.4031 2.3780 2.3782
2.3782 2.3780 2.3531
2.3780 2.3530 2.3531
2.3531 2.3530 2.3280
2.2527 2.2526 2.2276
2.2778 2.2777 2.2527
2.2777 2.2526 2.2527
2.3530 2.3279 2.3280
2.3280 2.3279 2.3029
2.3279 2.3028 2.3029
2.3029 2.3028 2.2778
2.3028 2.2777 2.2778
2.2526 2.2275 2.2276
2.2276 2.2275 2.2025
3.0000 3.0000 2.9528
3.0000 2.9393 2.9528
3.0000 3.0000 2.9393
2.9318 3.0000 2.9528
2.9448 2.9318 2.9170
2.9712 3.0000 2.9318
2.9318 2.9448 2.9712
2.8442 2.8418 2.8776
2.8418 2.8442 2.8132
2.8776 2.8836 2.8442
2.9170 2.9318 2.8836
2.8836 2.8776 2.9170
2.6951 2.7220 2.7223
2.7220 2.7521 2.7223
2.7223 2.7521 2.7604
2.7604 2.7521 2.7847
2.7604 2.7847 2.7881
2.8132 2.8442 2.8078
2.8078 2.7881 2.8132
2.8078 2.7743 2.7881
2.7743 2.7604 2.7881
2.6951 2.7223 2.6845
2.6331 2.6563 2.6559
2.6559 2.6563 2.6790
2.6790 2.6951 2.6559
2.6559 2.6951 2.6845
2.6044 2.6331 2.6211
2.6211 2.6331 2.6559
2.7016 2.6845 2.7223
2.5147 2.5393 2.5274
2.5147 2.5274 2.4995
2.5631 2.5891 2.5741
2.5741 2.5891 2.6044
2.5393 2.5631 2.5490
2.5274 2.5393 2.5490
2.5490 2.5631 2.5741
2.5741 2.6044 2.5916
2.5916 2.6044 2.6211
2.4995 2.5274 2.5101
2.4338 2.4539 2.4547
2.4547 2.4539 2.4740
2.4740 2.4995 2.4823
2.4740 2.4823 2.4547
2.4823 2.4995 2.5101
2.3780 2.4031 2.3916
2.3916 2.4031 2.4177
2.3916 2.4177 2.4072
2.4177 2.4338 2.4072
2.4072 2.4338 2.4269
2.4269 2.4338 2.4547
2.3662 2.3530 2.3780
2.3780 2.3916 2.3662
2.3279 2.3530 2.3430
2.3430 2.3530 2.3662
2.2275 2.2526 2.2414
2.2414 2.2526 2.2648
2.2648 2.2526 2.2777
2.2777 2.3028 2.2903
2.2777 2.2903 2.2648
2.3279 2.3430 2.3168
2.3279 2.3168 2.3028
2.2903 2.3028 2.3168
2.2275 2.2024 2.2025
2.2025 2.2024 2.1775
2.2024 2.1773 2.1775
2.1775 2.1773 2.1524
2.2275 2.2414 2.2165
2.2275 2.2165 2.2024
2.0018 2.0017 1.9767
2.8885 2.9318 2.9528
2.8885 2.9528 2.9393
2.9393 2.8756 2.8885
2.9393 3.0000 2.9158
2.9393 2.9158 2.8756
3.0000 3.0000 2.9158
2.8468 2.9318 2.8885
2.8468 2.8442 2.8836
2.8468 2.8836 2.9318
2.8078 2.8442 2.8468
2.7407 2.7223 2.7604
2.7604 2.7743 2.7407
2.7407 2.7016 2.7223
2.7407 2.7743 2.7746
2.8078 2.7746 2.7743
2.7746 2.8078 2.8468
2.6845 2.6565 2.6559
2.6737 2.6565 2.6845
2.6845 2.7016 2.6737
2.5916 2.6211 2.6218
2.6218 2.6211 2.6559
2.6565 2.6218 2.6559
2.7016 2.6809 2.6737
2.7407 2.7074 2.7016
2.6809 2.7016 2.7074
2.5274 2.5490 2.5473
2.5473 2.5490 2.5741
2.5741 2.5916 2.5473
2.5101 2.5274 2.5473
2.6218 2.5812 2.5916
2.5473 2.5916 2.5812
2.5158 2.5101 2.5473
2.4823 2.5101 2.4886
2.4886 2.5101 2.5158
2.4269 2.4547 2.4471
2.4823 2.4886 2.4670
2.4471 2.4547 2.4670
2.4670 2.4547 2.4823
2.5158 2.4936 2.4886
2.4237 2.4269 2.4471
2.3662 2.3916 2.3782
2.3782 2.3916 2.4072
2.3782 2.4072 2.3952
2.3952 2.4072 2.4269
2.3952 2.4269 2.4237
2.3430 2.3662 2.3560
2.3560 2.3662 2.3782
2.3168 2.3430 2.3330
2.3330 2.3430 2.3560
2.2165 2.2414 2.2330
2.2414 2.2648 2.2533
2.2330 2.2414 2.2533
2.2648 2.2903 2.2755
2.2533 2.2648 2.2755
2.2903 2.3168 2.3041
2.3168 2.3330 2.3041
2.2903 2.3041 2.2755
2.0269 2.0268 2.0018
2.0268 2.0017 2.0018
2.0520 2.0518 2.0269
2.0518 2.0268 2.0269
2.0771 2.0769 2.0520
2.0769 2.0518 2.0520
2.1773 2.1522 2.1524
2.1524 2.1522 2.1273
2.1022 2.1020 2.0771
2.1020 2.0769 2.0771
2.1522 2.1271 2.1273
2.1273 2.1271 2.1022
2.1271 2.1020 2.1022
2.1900 2.1773 2.2024
2.2024 2.2165 2.1900
2.1522 2.1773 2.1631
2.1631 2.1773 2.1900
2.1900 2.2165 2.2048
2.2165 2.2330 2.2048
2.0150 2.0017 2.0268
1.8512 1.8511 1.8261
1.8763 1.8762 1.8512
1.8762 1.8511 1.8512
2.0017 1.9766 1.9767
1.9767 1.9766 1.9516
1.9766 1.9515 1.9516
1.9516 1.9515 1.9265
1.9014 1.9013 1.8763
1.9013 1.8762 1.8763
1.9515 1.9264 1.9265
1.9265 1.9264 1.9014
1.9264 1.9013 1.9014
1.9766 2.0017 1.9897
1.9897 2.0017 2.0150
1.8511 1.8260 1.8261
1.8261 1.8260 1.8010
2.9158 2.8341 2.8756
2.8005 2.8468 2.8885
2.8005 2.8885 2.8756
2.8005 2.8756 2.8341
3.0000 2.8421 2.9158
2.9158 2.8421 2.8341
2.7401 2.8468 2.8005
2.8468 2.7401 2.7746
2.7074 2.7407 2.7401
2.7407 2.7746 2.7401
2.6218 2.6565 2.6465
2.6737 2.6809 2.6465
2.6465 2.6565 2.6737
2.6073 2.5812 2.6218
2.6465 2.6073 2.6218
2.7401 2.6739 2.7074
2.6739 2.6809 2.7074
2.6809 2.6739 2.6465
2.5427 2.5473 2.5812
2.5158 2.5473 2.5427
2.6073 2.5766 2.5812
2.5766 2.5427 2.5812
2.5126 2.4936 2.5158
2.5427 2.5126 2.5158
2.4471 2.4670 2.4632
2.4471 2.4632 2.4237
2.4670 2.4886 2.4632
2.4886 2.4936 2.4632
2.4632 2.4936 2.4880
2.4880 2.4936 2.5126
2.4215 2.4237 2.4632
2.3952 2.4237 2.3900
2.3900 2.4237 2.4215
2.2048 2.2330 2.2211
2.3330 2.3560 2.3559
2.3559 2.3560 2.3782
2.3782 2.3952 2.3559
2.3559 2.3952 2.3900
2.3041 2.3330 2.3195
2.3195 2.3330 2.3559
2.2330 2.2533 2.2518
2.2518 2.2533 2.2755
2.2211 2.2330 2.2518
2.2755 2.3041 2.2886
2.2886 2.3041 2.3195
2.2755 2.2886 2.2518
2.0518 2.0370 2.0268
2.0268 2.0370 2.0150
2.0150 2.0370 2.0238
2.0518 2.0769 2.0607
2.0518 2.0607 2.0370
2.0607 2.0769 2.0867
2.0867 2.0769 2.1020
2.1522 2.1631 2.1393
2.1522 2.1393 2.1271
2.1020 2.1271 2.1137
2.1137 2.1271 2.1393
2.1020 2.1137 2.0867
2.1631 2.1900 2.1760
2.1760 2.1900 2.2048
2.1393 2.1631 2.1519
2.1519 2.1631 2.1760
2.1760 2.2048 2.1924
2.2048 2.2211 2.1924
1.9897 2.0150 2.0030
2.0030 2.0150 2.0238
2.0030 2.0238 2.0194
1.8511 1.8366 1.8260
1.8511 1.8762 1.8611
1.8511 1.8611 1.8366
1.8611 1.8762 1.8863
1.8863 1.8762 1.9013
1.9766 1.9897 1.9636
1.9766 1.9636 1.9515
1.9376 1.9264 1.9515
1.9376 1.9515 1.9636
1.9013 1.9264 1.9116
1.9013 1.9116 1.8863
1.9116 1.9264 1.9376
1.9636 1.9897 1.9770
1.9897 2.0030 1.9770
1.8260 1.8009 1.8010
1.8010 1.8009 1.7759
1.8009 1.7758 1.7759
1.7759 1.7758 1.7508
1.7758 1.7507 1.7508
1.7508 1.7507 1.7257
1.8009 1.8260 1.8137
1.8137 1.8260 1.8366
1.7507 1.7256 1.7257
1.7257 1.7256 1.7006
1.7256 1.7006 1.7006
1.7006 1.7006 1.6755
1.7006 1.6755 1.6755
1.6755 1.6755 1.6504
1.6755 1.6504 1.6504
1.6504 1.6504 1.6253
1.6504 1.6253 1.6253
1.6253 1.6253 1.6002
1.6253 1.6002 1.6002
1.6002 1.6002 1.5751
1.6002 1.5751 1.5751
2.8421 2.7316 2.8341
2.8341 2.7316 2.8005
2.7401 2.8005 2.6870
2.6870 2.8005 2.7316
2.8421 2.6613 2.7316
2.6114 2.7401 2.6870
2.6465 2.6739 2.6114
2.6114 2.6739 2.7401
2.5766 2.6073 2.6114
2.6073 2.6465 2.6114
2.6114 2.5230 2.5766
2.4880 2.5126 2.5230
2.5427 2.5766 2.5230
2.5230 2.5126 2.5427
2.4559 2.4215 2.4632
2.4632 2.4880 2.4559
2.4880 2.5230 2.4559
2.4158 2.4215 2.4559
2.3900 2.4215 2.3838
2.3838 2.4215 2.4158
2.3589 2.3559 2.3900
2.3838 2.3589 2.3900
2.2211 2.2518 2.2234
2.1924 2.2211 2.2234
2.2234 2.1952 2.1924
2.3158 2.3195 2.3559
2.3589 2.3158 2.3559
2.2886 2.3195 2.3158
2.2650 2.2234 2.2518
2.2518 2.2886 2.2650
2.2886 2.3158 2.2650
2.0370 2.0607 2.0446
2.0370 2.0446 2.0238
2.0238 2.0446 2.0194
2.0607 2.0867 2.0695
2.0446 2.0607 2.0695
2.0867 2.1137 2.0957
2.0695 2.0867 2.0957
2.1137 2.1393 2.1275
2.1393 2.1519 2.1275
2.1137 2.1275 2.0957
2.1519 2.1760 2.1537
2.1519 2.1537 2.1275
2.1760 2.1924 2.1537
2.1952 2.2234 2.2025
2.1723 2.1537 2.1924
2.1723 2.1924 2.1952
2.1952 2.2025 2.1850
2.1723 2.1952 2.1850
1.9770 2.0030 1.9925
1.9925 2.0030 2.0194
2.0446 2.0343 2.0194
2.0194 2.0343 2.0096
2.0194 2.0096 1.9925
1.8137 1.8366 1.8249
1.8366 1.8611 1.8455
1.8366 1.8455 1.8249
1.8611 1.8863 1.8710
1.8455 1.8611 1.8710
1.8863 1.9116 1.8966
1.8710 1.8863 1.8966
1.9376 1.9636 1.9495
1.9636 1.9770 1.9495
1.9116 1.9376 1.9215
1.9215 1.9376 1.9495
1.9116 1.9215 1.8966
1.9495 1.9770 1.9630
1.9770 1.9925 1.9630
1.8009 1.8137 1.7888
1.8009 1.7888 1.7758
1.7507 1.7758 1.7635
1.7635 1.7758 1.7888
1.7377 1.7256 1.7507
1.7507 1.7635 1.7377
1.7888 1.8137 1.8026
1.8026 1.8137 1.8249
1.7006 1.7256 1.7156
1.7156 1.7256 1.7377
1.5751 1.5751 1.5500
1.5751 1.5500 1.5500
1.6889 1.6755 1.7006
1.7006 1.7156 1.6889
1.6504 1.6755 1.6620
1.6620 1.6755 1.6889
1.6504 1.6620 1.6361
1.6504 1.6361 1.6253
1.6002 1.6253 1.6148
1.6148 1.6253 1.6361
1.6002 1.6148 1.5892
1.6002 1.5892 1.5751
1.5644 1.5500 1.5751
1.5751 1.5892 1.5644
2.6114 2.6870 2.5662
2.7316 2.6613 2.5662
2.5662 2.6870 2.7316
2.6613 2.4665 2.5662
2.4427 2.6114 2.5662
2.4559 2.5230 2.4427
2.4427 2.5230 2.6114
2.4427 2.4158 2.4559
2.4427 2.3484 2.4158
2.3484 2.3838 2.4158
2.3589 2.3838 2.3484
2.3158 2.3589 2.3484
2.2360 2.2025 2.2234
2.2360 2.2234 2.2650
2.2360 2.2650 2.2743
2.2650 2.3158 2.2743
2.3484 2.2743 2.3158
2.0446 2.0695 2.0673
2.0673 2.0695 2.0957
2.0446 2.0673 2.0343
2.0957 2.1275 2.1095
2.0957 2.1095 2.0673
2.1095 2.1275 2.1537
2.1095 2.1537 2.1400
2.1400 2.1537 2.1723
2.2072 2.2025 2.2360
2.1850 2.2025 2.1853
2.1853 2.2025 2.2072
2.1675 2.1400 2.1723
2.1850 2.1853 2.1675
2.1675 2.1723 2.1850
1.9630 1.9925 1.9823
1.9823 1.9925 2.0096
2.0343 2.0673 2.0302
2.0096 2.0343 2.0302
1.9823 2.0096 1.9983
1.9983 2.0096 2.0302
1.8026 1.8249 1.8262
1.8262 1.8249 1.8455
1.8455 1.8710 1.8536
1.8455 1.8536 1.8262
1.8710 1.8966 1.8831
1.8710 1.8831 1.8536
1.8966 1.9215 1.9064
1.8966 1.9064 1.8831
1.9215 1.9495 1.9345
1.9215 1.9345 1.9064
1.9345 1.9495 1.9630
1.9345 1.9630 1.9578
1.9630 1.9823 1.9578
1.7635 1.7888 1.7771
1.7888 1.8026 1.7771
1.7377 1.7635 1.7506
1.7635 1.7771 1.7506
1.7156 1.7377 1.7297
1.7297 1.7377 1.7506
1.7771 1.8026 1.7850
1.8026 1.8262 1.8039
1.8026 1.8039 1.7850
1.6889 1.7156 1.7058
1.7156 1.7297 1.7058
1.5249 1.5500 1.5249
1.5500 1.5500 1.5249
1.5249 1.5500 1.5417
1.5417 1.5500 1.5644
1.5249 1.4998 1.5249
1.4998 1.5249 1.4998
1.6148 1.6361 1.6254
1.6620 1.6889 1.6746
1.6746 1.6889 1.7058
1.6746 1.7058 1.6864
1.6361 1.6620 1.6465
1.6465 1.6620 1.6746
1.6361 1.6465 1.6254
1.5417 1.5644 1.5548
1.5892 1.6148 1.6038
1.6038 1.6148 1.6254
1.5644 1.5892 1.5768
1.5892 1.6038 1.5768
1.5548 1.5644 1.5768
1.2990 1.3241 1.2991
1.3242 1.2991 1.3241
1.3241 1.3492 1.3242
1.3492 1.3743 1.3493
1.3492 1.3493 1.3242
1.4747 1.4998 1.4747
1.4998 1.4998 1.4747
1.4747 1.4496 1.4747
1.4496 1.4747 1.4496
1.4245 1.4496 1.4245
1.4496 1.4496 1.4245
1.3744 1.3493 1.3743
1.3743 1.3994 1.3744
1.4245 1.3994 1.4245
1.3994 1.4245 1.3994
1.3994 1.3994 1.3744
1.2739 1.2990 1.2740
1.2990 1.2991 1.2740
1.2740 1.2489 1.2739
1.2488 1.2739 1.2489
1.2237 1.2488 1.2238
1.2488 1.2489 1.2238
1.2238 1.1987 1.2237
1.1986 1.2237 1.1987
2.5662 2.4665 2.3614
2.5662 2.3614 2.4427
2.4665 2.2714 2.3614
2.2477 2.4427 2.3614
2.2072 2.2360 2.2477
2.4427 2.2477 2.3484
2.2743 2.3484 2.2477
2.2743 2.2477 2.2360
2.1095 2.1400 2.0824
2.0673 2.1095 2.0824
2.0302 2.0673 2.0824
2.1675 2.1853 2.1541
2.0824 2.1400 2.1541
2.1400 2.1675 2.1541
2.2477 2.1541 2.2072
2.1541 2.1853 2.2072
1.9578 1.9823 1.9725
1.9823 1.9983 1.9725
2.0229 2.0302 2.0824
1.9983 2.0302 1.9965
1.9725 1.9983 1.9965
1.9965 2.0302 2.0229
1.8039 1.8262 1.8285
1.8285 1.8262 1.8536
1.8536 1.8831 1.8675
1.8536 1.8675 1.8285
1.8831 1.9064 1.9034
1.8675 1.8831 1.9034
1.9034 1.9064 1.9345
1.9367 1.9034 1.9345
1.9367 1.9345 1.9578
1.9578 1.9725 1.9367
1.7506 1.7771 1.7620
1.7771 1.7850 1.7620
1.7058 1.7297 1.7338
1.7338 1.7297 1.7506
1.7506 1.7620 1.7338
1.7620 1.7850 1.7799
1.7799 1.7850 1.8039
1.8039 1.8285 1.8013
1.8013 1.7799 1.8039
1.8013 1.8285 1.8130
1.7338 1.7110 1.7058
1.7110 1.6864 1.7058
1.6864 1.7110 1.6904
1.5249 1.5417 1.5162
1.5249 1.5162 1.4998
1.5162 1.5417 1.5336
1.5336 1.5417 1.5548
1.4898 1.4747 1.4998
1.4898 1.4998 1.5162
1.6038 1.6254 1.6255
1.6255 1.6254 1.6465
1.6676 1.6864 1.6904
1.6465 1.6746 1.6553
1.6465 1.6553 1.6255
1.6553 1.6746 1.6864
1.6553 1.6864 1.6676
1.5336 1.5548 1.5572
1.5572 1.5548 1.5768
1.5768 1.6038 1.5910
1.5768 1.5910 1.5572
1.5910 1.6038 1.6255
1.2991 1.3242 1.3099
1.2858 1.2740 1.2991
1.2991 1.3099 1.2858
1.3099 1.3242 1.3337
1.3242 1.3493 1.3337
1.3493 1.3744 1.3575
1.3493 1.3575 1.3337
1.4496 1.4747 1.4622
1.4622 1.4747 1.4898
1.4356 1.4245 1.4496
1.4496 1.4622 1.4356
1.3994 1.4245 1.4096
1.4096 1.4245 1.4356
1.3575 1.3744 1.3822
1.3822 1.3744 1.3994
1.3994 1.4096 1.3822
1.2489 1.2740 1.2635
1.2635 1.2740 1.2858
1.1735 1.1986 1.1736
1.1986 1.1987 1.1736
1.2393 1.2238 1.2489
1.2489 1.2635 1.2393
1.1987 1.2238 1.2128
1.2128 1.2238 1.2393
1.1880 1.1736 1.1987
1.1987 1.2128 1.1880
1.1736 1.1485 1.1735
1.1484 1.1735 1.1485
1.1233 1.1484 1.1234
1.1484 1.1485 1.1234
1.1234 1.0983 1.1233
1.0982 1.1233 1.0983
1.0731 1.0982 1.0732
1.0982 1.0983 1.0732
2.3614 2.2714 2.1615
2.3614 2.1615 2.2477
2.2714 2.0764 2.1615
2.0484 2.2477 2.1615
2.1541 2.0484 2.0824
2.0484 2.0229 2.0824
2.2477 2.0484 2.1541
1.9965 1.9589 1.9725
2.0484 1.9589 2.0229
1.9589 1.9965 2.0229
1.9367 1.9725 1.9589
1.8675 1.8430 1.8285
1.8130 1.8285 1.8430
1.9034 1.9367 1.8931
1.8430 1.8675 1.8931
1.8675 1.9034 1.8931
1.9589 1.8931 1.9367
1.7620 1.7799 1.7458
1.7338 1.7620 1.7458
1.7458 1.7110 1.7338
1.8013 1.8130 1.7827
1.7458 1.7799 1.7827
1.7799 1.8013 1.7827
1.8130 1.8430 1.8100
1.8130 1.8100 1.7827
1.6904 1.7110 1.7081
1.7081 1.7110 1.7458
1.6676 1.6904 1.6791
1.6791 1.6904 1.7081
1.6676 1.6791 1.6635
1.4898 1.5162 1.5075
1.5162 1.5336 1.5075
1.5075 1.5336 1.5294
1.5294 1.5336 1.5572
1.4622 1.4898 1.4765
1.4765 1.4898 1.5075
1.5910 1.6255 1.6297
1.6255 1.6553 1.6297
1.6297 1.6553 1.6676
1.6297 1.6676 1.6635
1.5294 1.5572 1.5573
1.5573 1.5572 1.5910
1.5910 1.5868 1.5573
1.6297 1.5868 1.5910
1.3099 1.3337 1.3196
1.2858 1.3099 1.2965
1.2965 1.3099 1.3196
1.2635 1.2858 1.2764
1.2764 1.2858 1.2965
1.3337 1.3575 1.3417
1.3196 1.3337 1.3417
1.3196 1.3417 1.3283
1.3575 1.3822 1.3618
1.3575 1.3618 1.3417
1.4356 1.4622 1.4468
1.4622 1.4765 1.4468
1.4096 1.4356 1.4217
1.4217 1.4356 1.4468
1.3822 1.4096 1.3920
1.4096 1.4217 1.3920
1.3618 1.3822 1.3920
1.2393 1.2635 1.2566
1.2635 1.2764 1.2566
1.1485 1.1736 1.1632
1.1632 1.1736 1.1880
1.2128 1.2393 1.2304
1.2304 1.2393 1.2566
1.1880 1.2128 1.2015
1.2128 1.2304 1.2015
1.1632 1.1880 1.1784
1.1784 1.1880 1.2015
0.8975 0.9225 0.8976
0.9227 0.8976 0.9225
0.9225 0.9476 0.9227
0.9476 0.9727 0.9478
0.9476 0.9478 0.9227
0.9729 0.9478 0.9727
0.9727 0.9978 0.9729
1.0732 1.0482 1.0731
1.0480 1.0731 1.0482
0.9978 1.0229 0.9980
0.9978 0.9980 0.9729
1.0231 0.9980 1.0229
1.0229 1.0480 1.0231
1.0480 1.0482 1.0231
1.1363 1.1234 1.1485
1.1485 1.1632 1.1363
1.0983 1.1234 1.1077
1.1077 1.1234 1.1363
1.0804 1.0732 1.0983
1.0983 1.1077 1.0804
1.0482 1.0732 1.0559
1.0559 1.0732 1.0804
0.8724 0.8975 0.8725
0.8975 0.8976 0.8725
0.8725 0.8474 0.8724
0.8473 0.8724 0.8474
0.8222 0.8473 0.8223
0.8473 0.8474 0.8223
2.1615 2.0764 1.9637
2.1615 1.9637 2.0484
2.0764 1.8814 1.9637
1.8490 2.0484 1.9637
1.8931 1.9589 1.8490
1.8100 1.8430 1.8490
1.8430 1.8931 1.8490
2.0484 1.8490 1.9589
1.8490 1.7459 1.8100
1.7827 1.8100 1.7459
1.7459 1.7081 1.7458
1.7458 1.7827 1.7459
1.6758 1.6791 1.7081
1.7459 1.6758 1.7081
1.6791 1.6758 1.6635
1.6635 1.6758 1.6446
1.6446 1.6297 1.6635
1.5227 1.5294 1.5573
1.4765 1.5075 1.4982
1.5075 1.5294 1.4982
1.4982 1.5294 1.5227
1.4468 1.4765 1.4605
1.4765 1.4982 1.4605
1.6446 1.6028 1.6297
1.6028 1.5868 1.6297
1.6028 1.5530 1.5868
1.5868 1.5530 1.5573
1.5530 1.5227 1.5573
1.2965 1.3196 1.3076
1.3076 1.3196 1.3283
1.2566 1.2764 1.2795
1.2795 1.2764 1.2965
1.2965 1.3076 1.2795
1.3076 1.3283 1.3231
1.3417 1.3618 1.3537
1.3537 1.3618 1.3920
1.3283 1.3417 1.3537
1.3231 1.3283 1.3537
1.3920 1.4217 1.4244
1.4244 1.4217 1.4468
1.4468 1.4605 1.4244
1.3920 1.4244 1.3921
1.3920 1.3921 1.3537
1.3537 1.3370 1.3231
1.2304 1.2566 1.2515
1.2515 1.2566 1.2795
1.1363 1.1632 1.1547
1.1632 1.1784 1.1547
1.2015 1.2304 1.2211
1.2211 1.2304 1.2515
1.1547 1.1784 1.1849
1.1849 1.1784 1.2015
1.2015 1.2211 1.1849
0.9058 0.8976 0.9227
0.8725 0.8976 0.8797
0.8797 0.8976 0.9058
0.9478 0.9311 0.9227
0.9058 0.9227 0.9311
0.9478 0.9729 0.9555
0.9478 0.9555 0.9311
0.9555 0.9729 0.9788
0.9788 0.9729 0.9980
1.0482 1.0559 1.0313
1.0482 1.0313 1.0231
0.9980 1.0231 1.0050
0.9980 1.0050 0.9788
1.0050 1.0231 1.0313
1.1077 1.1363 1.1200
1.1200 1.1363 1.1547
1.0804 1.1077 1.0883
1.1077 1.1200 1.0883
1.0559 1.0804 1.0656
1.0656 1.0804 1.0883
1.0313 1.0559 1.0414
1.0559 1.0656 1.0414
0.7218 0.7469 0.7220
0.8223 0.7972 0.8222
0.7971 0.8222 0.7972
0.7720 0.7971 0.7721
0.7971 0.7972 0.7721
0.7721 0.7470 0.7720
0.7469 0.7720 0.7470
0.7469 0.7470 0.7220
0.7220 0.6969 0.7218
0.6967 0.7218 0.6969
0.6716 0.6967 0.6718
0.6967 0.6969 0.6718
0.8569 0.8474 0.8725
0.8725 0.8797 0.8569
0.8223 0.8474 0.8319
0.8319 0.8474 0.8569
0.8060 0.7972 0.8223
0.8223 0.8319 0.8060
0.6718 0.6467 0.6716
0.6465 0.6716 0.6467
0.6214 0.6465 0.6216
0.6465 0.6467 0.6216
0.6216 0.5965 0.6214
0.5963 0.6214 0.5965
1.9637 1.8814 1.7664
1.9637 1.7664 1.8490
1.8814 1.6864 1.7664
1.6497 1.8490 1.7664
1.6758 1.7459 1.6497
1.6497 1.7459 1.8490
1.6028 1.6446 1.6497
1.6446 1.6758 1.6497
1.5227 1.5530 1.4979
1.4982 1.5227 1.4979
1.4244 1.4605 1.4563
1.4563 1.4605 1.4982
1.4563 1.4982 1.4979
1.6497 1.5509 1.6028
1.5509 1.4979 1.5530
1.5530 1.6028 1.5509
1.2795 1.3076 1.2975
1.3231 1.2975 1.3076
1.2515 1.2795 1.2750
1.2750 1.2795 1.2975
1.3231 1.3370 1.3149
1.3149 1.2975 1.3231
1.3921 1.3620 1.3537
1.3620 1.3370 1.3537
1.3921 1.4244 1.4062
1.4062 1.4244 1.4563
1.3921 1.4062 1.3620
1.3370 1.3620 1.3311
1.3370 1.3311 1.3149
1.2211 1.2515 1.2473
1.2473 1.2515 1.2750
1.1200 1.1547 1.1495
1.1495 1.1547 1.1849
1.2211 1.2473 1.2110
1.1849 1.2211 1.2110
1.1849 1.2110 1.1782
1.1782 1.1495 1.1849
0.9058 0.9311 0.9147
0.8797 0.9058 0.8882
0.8882 0.9058 0.9147
0.8569 0.8797 0.8666
0.8797 0.8882 0.8666
0.9311 0.9555 0.9402
0.9311 0.9402 0.9147
0.9147 0.9402 0.9257
0.9555 0.9788 0.9616
0.9555 0.9616 0.9402
0.9788 1.0050 0.9850
0.9616 0.9788 0.9850
1.0050 1.0313 1.0141
1.0313 1.0414 1.0141
0.9850 1.0050 1.0141
1.1495 1.1149 1.1200
1.0883 1.1200 1.0925
1.1149 1.0925 1.1200
1.0141 1.0414 1.0212
1.0414 1.0656 1.0636
1.0636 1.0656 1.0883
1.0883 1.0925 1.0636
1.0414 1.0636 1.0376
1.0414 1.0376 1.0212
0.7220 0.7470 0.7328
0.7082 0.6969 0.7220
0.7220 0.7328 0.7082
0.7721 0.7972 0.7807
0.7807 0.7972 0.8060
0.7328 0.7470 0.7550
0.7550 0.7470 0.7721
0.7721 0.7807 0.7550
0.6718 0.6969 0.6830
0.6830 0.6969 0.7082
0.6573 0.6467 0.6718
0.6718 0.6830 0.6573
0.8319 0.8569 0.8433
0.8433 0.8569 0.8666
0.8060 0.8319 0.8157
0.8319 0.8433 0.8157
0.7807 0.8060 0.7911
0.7911 0.8060 0.8157
0.6216 0.6467 0.6333
0.6333 0.6467 0.6573
0.6094 0.5965 0.6216
0.6216 0.6333 0.6094
0.5712 0.5963 0.5714
0.5963 0.5965 0.5714
0.5714 0.5965 0.5853
0.5853 0.5965 0.6094
0.5714 0.5463 0.5712
0.5461 0.5712 0.5463
0.5210 0.5461 0.5212
0.5461 0.5463 0.5212
0.5212 0.4961 0.5210
0.4959 0.5210 0.4961
1.7664 1.6864 1.5693
1.7664 1.5693 1.6497
1.6864 1.4913 1.5693
1.4503 1.6497 1.5693
1.4979 1.5509 1.4503
1.4503 1.5509 1.6497
1.4062 1.4563 1.4503
1.4563 1.4979 1.4503
1.2894 1.2473 1.2750
1.3149 1.3311 1.2894
1.2750 1.2975 1.2894
1.2975 1.3149 1.2894
1.3520 1.2894 1.3311
1.3520 1.3311 1.3620
1.3520 1.3620 1.4062
1.4062 1.4503 1.3520
1.2420 1.2110 1.2473
1.2420 1.2473 1.2894
1.1782 1.1450 1.1495
1.1450 1.1149 1.1495
1.1923 1.1782 1.2110
1.1923 1.2110 1.2420
1.1782 1.1923 1.1450
1.1450 1.1082 1.1149
0.8882 0.9147 0.8972
0.9147 0.9257 0.8972
0.8972 0.9257 0.9213
0.8666 0.8882 0.8647
0.8666 0.8647 0.8433
0.8882 0.8972 0.8647
0.9402 0.9616 0.9555
0.9555 0.9616 0.9850
0.9257 0.9402 0.9555
0.9213 0.9257 0.9555
0.9850 1.0141 0.9947
1.0141 1.0212 0.9947
0.9850 0.9947 0.9555
1.1149 1.0759 1.0925
1.0759 1.1149 1.1082
1.0636 1.0925 1.0759
0.9947 1.0212 1.0172
1.0172 1.0212 1.0376
1.0376 1.0636 1.0448
1.0376 1.0448 1.0172
1.0448 1.0636 1.0759
0.9425 0.9213 0.9555
0.7328 0.7550 0.7411
0.7082 0.7328 0.7197
0.7328 0.7411 0.7197
0.6830 0.7082 0.6947
0.6947 0.7082 0.7197
0.7550 0.7807 0.7627
0.7807 0.7911 0.7627
0.7411 0.7550 0.7627
0.6573 0.6830 0.6688
0.6830 0.6947 0.6688
0.6333 0.6573 0.6464
0.6464 0.6573 0.6688
0.8157 0.8433 0.8309
0.8309 0.8433 0.8647
0.7627 0.7911 0.7913
0.7913 0.7911 0.8157
0.8157 0.8309 0.7913
0.5853 0.6094 0.5978
0.6094 0.6333 0.6221
0.6333 0.6464 0.6221
0.5978 0.6094 0.6221
0.5603 0.5463 0.5714
0.5714 0.5853 0.5603
0.5603 0.5853 0.5762
0.5853 0.5978 0.5762
0.4708 0.4959 0.4710
0.4959 0.4961 0.4710
0.4710 0.4459 0.4708
0.5212 0.5463 0.5340
0.5340 0.5463 0.5603
0.5099 0.4961 0.5212
0.5212 0.5340 0.5099
0.4710 0.4961 0.4875
0.4875 0.4961 0.5099
1.5693 1.4913 1.3722
1.5693 1.3722 1.4503
1.4913 1.2963 1.3722
0.4457 0.4708 0.4459
0.4457 0.4459 0.4208
1.2510 1.4503 1.3722
1.2510 1.3520 1.4503
1.2510 1.1923 1.2420
1.2894 1.3520 1.2510
1.2510 1.2420 1.2894
1.2510 1.1270 1.1923
1.1450 1.1923 1.1270
1.1270 1.1082 1.1450
1.0759 1.1082 1.0785
1.1082 1.1270 1.0785
0.9213 0.9425 0.9199
0.8972 0.9213 0.8945
0.8945 0.9213 0.9199
0.8647 0.8972 0.8624
0.8647 0.8624 0.8309
0.8972 0.8945 0.8624
0.9947 1.0172 0.9752
0.9555 0.9947 0.9752
0.9425 0.9555 0.9752
1.0295 1.0448 1.0759
1.0295 1.0759 1.0785
1.0172 1.0448 1.0295
0.9752 1.0172 1.0295
0.9408 0.9199 0.9425
0.9752 0.9408 0.9425
0.6688 0.6947 0.6805
0.7197 0.7411 0.7354
0.7354 0.7411 0.7627
0.6947 0.7197 0.7081
0.6805 0.6947 0.7081
0.7081 0.7197 0.7354
0.7627 0.7913 0.7557
0.7627 0.7557 0.7354
0.6221 0.6464 0.6506
0.6506 0.6464 0.6688
0.6688 0.6805 0.6506
0.6506 0.6805 0.6682
0.7913 0.8309 0.8067
0.8067 0.8309 0.8319
0.8624 0.8319 0.8309
0.7913 0.8067 0.7768
0.7768 0.7557 0.7913
0.5762 0.5978 0.5962
0.5962 0.5978 0.6221
0.6221 0.6506 0.6208
0.6221 0.6208 0.5962
0.5340 0.5603 0.5492
0.5492 0.5603 0.5762
0.5492 0.5762 0.5688
0.5688 0.5762 0.5962
0.4710 0.4875 0.4619
0.4710 0.4619 0.4459
0.4208 0.4459 0.4358
0.4358 0.4459 0.4619
0.4208 0.4358 0.4098
0.5099 0.5340 0.5212
0.5340 0.5492 0.5212
0.4875 0.5099 0.5002
0.5002 0.5099 0.5212
0.4619 0.4875 0.4786
0.4875 0.5002 0.4786
1.3722 1.2963 1.1747
1.3722 1.1747 1.2510
1.2963 1.1013 1.1747
0.4098 0.3957 0.4208
0.4208 0.3957 0.4206
0.4206 0.4457 0.4208
0.1000 0.0000 0.0500
1.0516 1.2510 1.1747
1.0785 1.1270 1.0516
1.0516 1.1270 1.2510
1.0516 1.0295 1.0785
0.8945 0.9199 0.9009
0.9408 0.9009 0.9199
0.8319 0.8624 0.8551
0.8624 0.8945 0.8551
0.8945 0.9009 0.8551
1.0516 0.9652 1.0295
0.9408 0.9752 0.9652
0.9652 0.9009 0.9408
1.0295 0.9652 0.9752
0.6805 0.7081 0.6928
0.6805 0.6928 0.6682
0.6928 0.7081 0.7239
0.7354 0.7557 0.7239
0.7354 0.7239 0.7081
0.7442 0.7239 0.7557
0.7557 0.7768 0.7442
0.6208 0.6506 0.6469
0.6506 0.6682 0.6469
0.6469 0.6682 0.6699
0.6682 0.6928 0.6699
0.7768 0.8067 0.8048
0.8048 0.8067 0.8319
0.8048 0.8319 0.8551
0.7768 0.7575 0.7442
0.7575 0.7768 0.8048
0.5962 0.6208 0.5924
0.5962 0.5924 0.5688
0.5924 0.6208 0.6189
0.6208 0.6469 0.6189
0.5212 0.5492 0.5347
0.5347 0.5492 0.5688
0.5347 0.5688 0.5611
0.5611 0.5688 0.5924
0.3853 0.3957 0.4098
0.4358 0.4619 0.4525
0.4619 0.4786 0.4525
0.4098 0.4358 0.4253
0.4253 0.4358 0.4525
0.3853 0.4098 0.4008
0.4008 0.4098 0.4253
0.4786 0.5002 0.4994
0.4994 0.5002 0.5212
0.5212 0.5347 0.4994
0.4994 0.5347 0.5091
0.4525 0.4786 0.4699
0.4699 0.4786 0.4994
1.1747 1.1013 0.9756
1.1747 0.9756 1.0516
1.1013 0.9063 0.9756
0.3707 0.3957 0.3853
0.3707 0.3853 0.3589
0.3955 0.4206 0.3957
0.3955 0.3957 0.3707
0.0000 0.0000 0.0500
0.1000 0.0500 0.1000
0.0000 0.1000 0.0500
0.8523 1.0516 0.9756
0.9009 0.9652 0.8523
0.8551 0.9009 0.8523
0.8048 0.8551 0.8523
1.0516 0.8523 0.9652
0.7442 0.7069 0.7239
0.7442 0.7575 0.7069
0.6699 0.6928 0.7069
0.6928 0.7239 0.7069
0.6189 0.6469 0.6528
0.6528 0.6469 0.6699
0.7069 0.6528 0.6699
0.7575 0.7530 0.7069
0.7530 0.7575 0.8048
0.8523 0.7530 0.8048
0.5611 0.5924 0.5853
0.5853 0.5924 0.6189
0.6189 0.6528 0.6174
0.6189 0.6174 0.5853
0.5302 0.5091 0.5347
0.5302 0.5347 0.5611
0.5853 0.5530 0.5611
0.5530 0.5302 0.5611
0.5046 0.5091 0.5302
0.3589 0.3853 0.3760
0.3853 0.4008 0.3760
0.4253 0.4525 0.4437
0.4437 0.4525 0.4699
0.3760 0.4008 0.4094
0.4094 0.4008 0.4253
0.4253 0.4437 0.4094
0.4437 0.4699 0.4754
0.4754 0.4699 0.4994
0.4994 0.5091 0.4754
0.5091 0.5046 0.4754
0.9756 0.9063 0.7761
0.9756 0.7761 0.8523
0.9063 0.7113 0.7761
0.3589 0.3760 0.3443
0.3443 0.3760 0.3568
0.3326 0.3589 0.3443
0.3707 0.3589 0.3456
0.3326 0.3456 0.3589
0.3707 0.3456 0.3704
0.3704 0.3955 0.3707
0.0000 0.0000 0.1000
0.1000 0.1000 0.0000
0.6573 0.8523 0.7761
0.7069 0.7530 0.6573
0.6573 0.7530 0.8523
0.6174 0.6528 0.6573
0.6528 0.7069 0.6573
0.6573 0.5690 0.6174
0.6174 0.5690 0.5853
0.5530 0.5853 0.5690
0.5302 0.5530 0.5185
0.5185 0.5046 0.5302
0.5690 0.5185 0.5530
0.4754 0.5046 0.4904
0.4904 0.5046 0.5185
0.3760 0.4094 0.3881
0.3881 0.3568 0.3760
0.4094 0.4437 0.4295
0.4295 0.4437 0.4754
0.4094 0.4295 0.3881
0.4295 0.4754 0.4591
0.4591 0.4754 0.4904
0.7113 0.5227 0.5536
0.7761 0.7113 0.5536
0.7761 0.5536 0.6573
0.3537 0.3568 0.3881
0.3443 0.3195 0.3326
0.3223 0.3195 0.3443
0.3443 0.3568 0.3223
0.3223 0.3568 0.3537
0.3075 0.3326 0.3195
0.3075 0.3205 0.3326
0.3326 0.3205 0.3456
0.3453 0.3704 0.3456
0.3453 0.3456 0.3205
0.1000 0.0000 0.0000
0.1000 0.1000 0.0000
0.0000 0.0500 0.1000
0.5536 0.5227 0.4287
0.5227 0.3504 0.4287
0.4886 0.6573 0.5536
0.4886 0.4591 0.4904
0.5185 0.5690 0.4886
0.4886 0.5690 0.6573
0.4886 0.4904 0.5185
0.4032 0.3537 0.3881
0.4032 0.4591 0.4886
0.4295 0.4591 0.4032
0.4032 0.3881 0.4295
0.3453 0.3537 0.4032
0.5536 0.4287 0.4080
0.5536 0.4080 0.4886
0.3223 0.3537 0.3064
0.3064 0.3537 0.3453
0.2940 0.3075 0.3195
0.2940 0.3195 0.3223
0.2940 0.3223 0.2903
0.3064 0.2903 0.3223
0.2843 0.3075 0.2940
0.2713 0.2843 0.2940
0.2954 0.3205 0.3075
0.2954 0.3075 0.2843
0.3205 0.2954 0.3202
0.3202 0.3453 0.3205
0.0000 0.0000 0.0500
0.0000 0.1000 0.0500
0.1000 0.1000 0.0500
0.1000 0.0000 0.0500
0.3504 0.2093 0.2888
0.4287 0.3504 0.2888
0.4287 0.2888 0.4080
0.2093 0.1000 0.1687
0.2888 0.2093 0.1687
0.3599 0.4886 0.4080
0.4032 0.4886 0.3599
0.3599 0.3453 0.4032
0.3034 0.3064 0.3453
0.3453 0.3599 0.3034
0.2652 0.3064 0.3034
0.2808 0.3599 0.4080
0.2808 0.4080 0.2888
0.2647 0.2903 0.3064
0.2652 0.2647 0.3064
0.2315 0.2647 0.2652
0.2713 0.2940 0.2638
0.2638 0.2940 0.2903
0.2638 0.2903 0.2647
0.2551 0.2713 0.2638
0.2551 0.2622 0.2713
0.2713 0.2622 0.2843
0.2440 0.2622 0.2551
0.2954 0.2843 0.2703
0.2622 0.2703 0.2843
0.2951 0.3202 0.2954
0.2951 0.2954 0.2703
0.0000 0.0000 0.0500
0.1000 0.0500 0.1000
0.1000 0.1000 0.1687
0.0000 0.0500 0.0500
0.1000 0.0500 0.0500
0.1000 0.1853 0.1687
0.2888 0.1687 0.1853
0.2888 0.1853 0.2808
0.2532 0.3599 0.2808
0.3034 0.3599 0.2532
0.2652 0.3034 0.2532
0.2273 0.2315 0.2652
0.2273 0.2652 0.2532
0.2084 0.2532 0.2808
0.2084 0.2808 0.1853
0.1983 0.2315 0.2273
0.2314 0.2638 0.2647
0.2314 0.2647 0.2315
0.2314 0.2315 0.2040
0.2040 0.2315 0.1983
0.2321 0.2440 0.2551
0.2551 0.2638 0.2321
0.2321 0.2638 0.2314
0.2251 0.2440 0.2321
0.2452 0.2703 0.2622
0.2452 0.2622 0.2440
0.2452 0.2440 0.2251
0.2703 0.2452 0.2700
0.2700 0.2951 0.2703
0.0000 0.0000 0.0500
0.1000 0.1000 0.0500
0.0500 0.0000 0.1000
0.1000 0.1000 0.1853
0.0000 0.0500 0.1000
0.1853 0.1000 0.1547
0.1853 0.1547 0.2084
0.1682 0.2532 0.2084
0.1682 0.2084 0.1547
0.1682 0.1983 0.2273
0.2273 0.2532 0.1682
0.2040 0.1983 0.1690
0.1690 0.1983 0.1682
0.1690 0.1970 0.2040
0.2314 0.2040 0.1970
0.2321 0.2314 0.1970
0.1690 0.1685 0.1970
0.2251 0.2321 0.2038
0.1970 0.2038 0.2321
0.2038 0.2047 0.2251
0.2251 0.2047 0.2201
0.2251 0.2201 0.2452
0.2449 0.2700 0.2452
0.2449 0.2452 0.2201
0.0000 0.0000 0.0500
0.0000 0.0500 0.0500
0.0500 0.1000 0.0500
0.1000 0.1000 0.0500
0.1000 0.1000 0.1547
0.1000 0.1682 0.1547
0.1000 0.1350 0.1682
0.1682 0.1350 0.1690
0.1333 0.1690 0.1350
0.0500 0.0000 0.0356
0.1000 0.0500 0.0676
0.0676 0.0500 0.0356
0.1461 0.1685 0.1690
0.1333 0.1461 0.1690
0.1779 0.2038 0.1970
0.1685 0.1779 0.1970
0.1524 0.1779 0.1685
0.1524 0.1685 0.1461
0.1845 0.2047 0.2038
0.1779 0.1845 0.2038
0.1845 0.1950 0.2047
0.2047 0.1950 0.2201
0.2201 0.1950 0.2198
0.2198 0.2449 0.2201
0.0000 0.0000 0.0356
0.0000 0.0285 0.0356
0.1000 0.1000 0.0676
0.1000 0.1333 0.1350
0.1350 0.1000 0.1000
0.1000 0.1216 0.1333
0.1333 0.1216 0.1461
0.0684 0.1000 0.0676
0.0684 0.0676 0.0356
0.0356 0.0285 0.0684
0.0285 0.0496 0.0684
0.1216 0.1294 0.1461
0.1461 0.1294 0.1524
0.1375 0.1524 0.1294
0.1550 0.1845 0.1779
0.1550 0.1779 0.1524
0.1550 0.1524 0.1375
0.1550 0.1699 0.1845
0.1845 0.1699 0.1950
0.1947 0.2198 0.1950
0.1947 0.1950 0.1699
0.0496 0.0414 0.0573
0.0285 0.0240 0.0496
0.0496 0.0240 0.0414
0.0000 0.0000 0.0285
0.0285 0.0000 0.0240
0.0240 0.0255 0.0414
0.0255 0.0504 0.0414
0.0504 0.0573 0.0414
0.1000 0.1000 0.0684
0.1000 0.1294 0.1216
0.1000 0.1216 0.1000
0.1000 0.0684 0.0753
0.0753 0.0684 0.0496
0.0753 0.0496 0.0573
0.1190 0.1375 0.1294
0.1190 0.1294 0.1000
0.1190 0.1315 0.1375
0.1375 0.1315 0.1550
0.1315 0.1448 0.1550
0.1550 0.1448 0.1699
0.1699 0.1448 0.1696
0.1696 0.1947 0.1699
0.0504 0.0739 0.0573
0.0573 0.0739 0.0753
0.0000 0.0000 0.0240
0.0240 0.0000 0.0255
0.0255 0.0000 0.0105
0.0179 0.0255 0.0105
0.0179 0.0391 0.0255
0.0255 0.0391 0.0504
0.0391 0.0609 0.0504
0.0504 0.0609 0.0739
0.1000 0.1000 0.0753
0.1000 0.0753 0.0739
0.1000 0.1000 0.1190
0.1000 0.1142 0.1190
0.1190 0.1142 0.1315
0.0739 0.0891 0.1000
0.1315 0.1142 0.1206
0.1315 0.1206 0.1448
0.1445 0.1696 0.1448
0.1445 0.1448 0.1206
0.0609 0.0821 0.0739
0.0739 0.0821 0.0891
0.0000 0.0000 0.0105
0.0000 0.0179 0.0105
0.0179 0.0000 0.0090
0.0179 0.0090 0.0179
0.0179 0.0390 0.0179
0.0390 0.0391 0.0179
0.0390 0.0610 0.0391
0.0610 0.0609 0.0391
0.0609 0.0610 0.0821
0.0821 0.1000 0.0891
0.1000 0.1000 0.0891
0.1000 0.1206 0.1142
0.1000 0.1142 0.1000
0.1000 0.0821 0.0910
0.1206 0.1000 0.1205
0.1205 0.1445 0.1206
0.0910 0.0821 0.0821
0.0610 0.0821 0.0821
0.0000 0.0000 0.0090
0.0000 0.0179 0.0090
0.0179 0.0000 0.0130
0.0390 0.0179 0.0298
0.0298 0.0179 0.0130
0.0610 0.0390 0.0543
0.0543 0.0390 0.0298
0.0821 0.0610 0.0711
0.0711 0.0610 0.0543
0.0821 0.1000 0.0910
0.1000 0.0910 0.1000
0.1000 0.1205 0.1000
0.1000 0.0821 0.0859
0.0859 0.0821 0.0711
0.0000 0.0000 0.0130
0.0000 0.0174 0.0130
0.0298 0.0130 0.0174
0.0543 0.0298 0.0388
0.0388 0.0298 0.0174
0.0543 0.0388 0.0564
0.0785 0.0859 0.0711
0.0711 0.0543 0.0785
0.0564 0.0785 0.0543
0.1000 0.1000 0.0859
0.0785 0.1000 0.0859
0.0000 0.0000 0.0174
0.0174 0.0000 0.0315
0.0174 0.0315 0.0388
0.0315 0.0564 0.0388
0.0708 0.0785 0.0564
0.0315 0.0708 0.0564
0.1000 0.1000 0.0785
0.0708 0.1000 0.0785
0.0000 0.0000 0.0315
0.0315 0.0000 0.0405
0.0679 0.0708 0.0315
0.0315 0.0405 0.0679
0.1000 0.1000 0.0708
0.1000 0.0708 0.0679
0.0000 0.0000 0.0405
0.0405 0.0000 0.0436
0.1000 0.1000 0.0679
0.1000 0.0679 0.0405
0.0405 0.0436 0.1000
0.0000 0.0000 0.0436
0.0436 0.0000 0.0497
0.1000 0.1000 0.0436
0.0436 0.0497 0.1000
0.0000 0.0000 0.0497
0.1000 0.1000 0.0497
0.0497 0.0000 0.1000
0.0000 0.0000 0.1000
0.1000 0.1000 0.0000
0.1000 0.0000 0.0501
0.0000 0.0000 0.0501
0.0000 0.1000 0.0501
0.1000 0.1000 0.0501
